12765
660 142
545 31
766 844
42 972
190 551
428 604
388 173
153 846
289 308
900 690
127 777
570 174
478 811
30 674
546 538
280 557
679 824
588 796
19 629
119 209
531 546
812 270
70 317
468 358
624 719
400 102
495 969
275 324
780 305
998 677
194 629
234 872
452 173
19 823
153 490
31 683
35 194
304 457
510 771
814 485
489 565
587 335
886 213
659 665
517 8
693 62
636 926
285 439
450 304
261 602
793 291
636 179
837 940
635 346
710 801
831 551
717 417
885 602
629 895
618 498
902 311
559 889
588 844
328 390
499 588
991 643
231 627
821 67
566 808
764 627
960 594
529 28
362 766
630 343
660 247
840 914
909 750
154 849
945 481
238 443
421 228
85 3
206 258
421 123
417 184
750 728
130 278
755 491
395 384
185 407
983 24
672 243
126 825
91 70
658 328
865 78
908 301
432 113
558 852
236 326
35 337
53 516
966 808
7 361
543 191
767 877
567 438
120 44
614 210
465 271
890 329
700 149
630 131
613 539
982 200
865 369
536 269
884 854
428 242
566 971
785 684
847 703
473 966
98 86
528 562
357 769
891 408
917 872
539 529
410 872
729 626
592 616
895 828
469 322
69 34
644 205
717 843
259 541
160 356
627 39
270 335
807 512
742 723
383 280
252 144
504 332
770 95
947 16
922 416
689 343
801 685
899 870
527 158
410 38
865 388
77 486
722 883
997 464
606 379
95 209
523 598
540 644
693 838
659 966
253 699
308 406
383 559
275 261
716 36
299 932
424 375
418 145
257 766
960 214
145 407
774 19
4 313
662 48
151 672
366 755
370 25
512 105
583 138
365 650
174 663
582 949
37 351
445 646
116 405
859 612
811 633
630 166
297 643
566 799
314 931
906 36
955 417
140 538
555 504
187 80
519 120
28 555
822 472
200 290
228 411
901 390
395 883
556 43
525 473
842 191
403 747
578 709
515 717
246 69
572 785
148 90
904 175
997 78
999 548
367 226
958 267
616 704
149 523
747 26
995 940
216 397
686 145
457 200
861 703
621 784
839 768
226 94
295 222
171 645
769 537
870 79
156 837
782 656
359 880
681 353
819 248
101 856
392 558
56 604
612 28
740 450
147 965
543 441
186 66
85 306
954 307
736 109
143 518
765 502
749 797
206 568
397 659
423 788
216 830
744 179
209 483
628 356
447 522
796 984
939 233
289 893
539 25
353 33
894 469
534 994
266 92
561 662
750 336
801 317
517 896
495 726
378 122
81 176
995 228
159 934
812 800
826 350
176 178
735 421
647 620
414 264
711 327
277 460
14 429
776 530
677 270
607 54
743 39
582 90
619 92
23 430
243 200
132 418
729 866
838 727
485 604
342 196
930 618
7 943
399 135
824 75
756 783
480 499
173 61
940 791
505 962
221 747
513 352
165 241
569 354
320 53
957 661
600 238
631 959
180 29
93 356
103 200
138 934
50 310
995 989
101 499
950 673
245 462
376 761
55 944
467 374
348 423
34 948
661 664
258 192
44 350
547 498
549 36
432 599
698 426
587 150
276 889
822 872
702 549
985 756
844 451
481 191
225 867
490 237
882 747
781 926
448 679
775 997
715 206
947 764
983 885
913 258
773 86
482 827
634 466
934 477
268 415
19 492
633 509
81 514
255 861
791 703
539 566
51 605
123 349
368 106
233 632
363 358
717 196
184 702
13 469
178 280
883 549
124 867
57 204
733 663
416 875
365 306
440 767
911 915
115 630
20 348
262 734
57 330
930 240
32 942
60 561
222 943
109 697
161 165
252 893
828 667
768 544
972 559
311 234
473 425
864 492
124 477
226 180
806 507
771 837
800 831
750 373
125 858
69 285
375 320
530 554
986 297
97 310
207 759
543 680
536 758
523 11
234 100
543 40
606 665
228 758
495 329
130 971
187 199
608 913
518 489
466 856
785 914
517 343
25 59
22 912
817 897
922 402
996 464
793 954
129 21
711 975
349 840
298 887
390 257
799 260
745 616
115 881
882 983
223 906
41 597
817 209
493 90
611 840
554 755
145 34
775 207
360 476
399 9
714 788
265 865
47 9
480 513
889 713
495 112
618 888
708 786
448 552
876 58
391 781
165 536
166 939
94 877
766 492
886 480
280 150
696 678
511 175
191 399
240 37
862 857
924 921
995 372
472 222
781 863
354 945
750 519
236 843
395 353
335 632
832 966
782 527
643 644
54 185
42 293
222 256
501 145
176 847
868 648
68 649
510 421
945 611
291 180
453 38
533 139
669 716
104 802
595 99
445 1000
283 839
644 856
94 496
353 269
343 220
916 762
220 777
183 165
387 825
696 192
862 580
682 531
648 138
684 594
236 129
945 870
967 588
726 60
435 430
328 777
649 596
891 221
372 425
737 111
249 432
654 111
364 687
993 363
824 676
956 411
804 900
281 770
839 358
181 625
139 861
754 787
456 644
359 827
68 95
289 316
879 294
426 242
981 770
956 804
446 911
215 249
162 847
371 352
556 903
976 694
763 729
832 218
372 191
397 791
285 685
107 163
979 884
756 311
654 711
114 451
973 680
51 486
878 421
189 433
324 165
478 438
245 310
656 969
852 52
759 136
88 217
651 418
453 758
728 458
469 194
908 793
873 958
631 751
731 819
535 406
335 13
843 580
674 498
900 525
901 658
660 989
227 662
758 679
420 486
136 240
679 395
32 903
352 14
653 434
833 188
839 167
552 682
98 225
531 997
749 432
7 760
420 233
774 529
911 193
14 398
784 44
792 815
947 495
181 599
929 13
138 119
531 41
800 629
265 331
625 365
114 631
477 885
215 250
413 477
442 427
874 577
822 17
391 768
864 923
719 144
935 208
262 466
249 414
446 513
96 422
878 209
405 706
93 619
955 505
96 748
283 969
324 105
338 66
224 201
989 942
696 275
150 957
92 398
370 537
262 817
959 491
25 363
196 469
981 150
974 76
249 608
397 572
64 86
638 288
638 978
229 333
252 730
641 344
479 363
880 741
179 190
583 204
552 779
672 885
280 997
312 529
957 60
452 20
145 89
307 782
418 888
466 670
969 107
13 448
469 244
540 647
434 122
202 337
252 226
573 884
222 885
764 178
296 215
198 441
656 856
574 73
95 392
742 64
498 106
511 318
350 402
964 135
523 518
471 127
743 44
362 964
280 125
494 575
339 43
15 346
250 941
419 345
332 512
408 181
970 270
498 319
671 461
453 545
978 275
671 72
318 32
388 949
508 881
524 847
275 890
192 524
830 962
220 513
826 627
693 795
896 190
113 566
3 917
111 332
543 133
404 213
517 791
161 24
23 684
222 649
574 766
172 755
727 392
268 904
370 960
698 266
502 162
183 504
430 645
835 973
778 590
185 646
732 345
669 754
29 243
402 954
8 926
708 86
669 327
990 390
639 39
655 140
201 190
643 630
834 829
954 963
771 138
608 502
835 629
256 215
871 9
168 230
286 227
667 306
554 656
695 702
683 247
891 677
228 77
505 182
391 627
671 999
129 857
979 736
71 201
96 590
782 382
169 448
39 722
104 734
265 150
788 947
748 30
623 327
106 479
860 497
106 531
847 586
739 825
321 810
377 416
751 158
149 919
605 188
992 60
273 608
561 60
906 308
90 880
635 547
359 494
43 816
376 241
401 115
417 73
276 793
840 378
302 989
649 907
528 640
318 800
600 879
212 505
538 653
385 172
199 95
18 594
910 745
834 662
211 251
734 838
43 573
216 345
913 864
603 440
855 920
592 454
798 803
311 336
807 695
859 5
789 228
598 50
973 432
711 183
682 796
21 76
368 588
420 633
803 22
72 657
294 15
463 91
169 773
778 975
467 637
980 607
216 929
656 188
360 366
723 393
513 95
469 232
682 888
864 484
262 288
492 907
302 954
997 823
726 127
797 544
115 128
150 330
57 157
518 416
874 240
809 386
686 629
618 367
516 833
202 129
120 693
35 774
647 384
596 724
862 744
620 976
872 121
305 928
278 174
695 151
765 855
889 450
483 858
816 351
690 17
479 810
62 866
935 708
601 530
783 462
273 402
437 144
523 93
423 800
267 118
302 383
972 542
833 455
399 1000
805 89
369 635
250 430
852 184
489 452
713 271
265 337
673 701
833 547
146 607
698 764
724 999
146 48
541 330
854 291
330 10
379 50
996 628
831 848
811 319
651 875
941 916
564 965
968 396
511 113
2 560
876 78
559 374
477 451
703 682
741 384
43 472
433 38
99 615
237 262
933 888
136 226
803 699
190 770
446 53
235 800
612 110
229 522
483 57
324 538
738 417
921 780
888 706
817 338
320 406
599 605
293 87
830 447
137 371
568 935
775 802
734 387
264 314
260 98
370 936
635 459
352 556
238 591
613 406
280 932
811 879
536 455
317 717
901 453
88 469
387 862
270 472
600 885
785 212
983 506
147 969
964 850
876 553
440 488
959 719
420 121
949 307
576 265
24 828
70 111
296 456
324 918
928 924
154 64
487 136
570 633
457 533
482 332
86 273
820 396
343 591
868 644
897 795
908 920
623 329
382 270
785 706
539 64
981 693
127 467
180 48
451 636
581 932
968 18
556 139
413 898
729 280
541 625
75 801
897 49
129 278
318 265
983 857
328 315
549 807
133 728
854 583
364 786
514 683
803 69
821 215
319 549
847 211
525 273
11 421
321 492
699 638
756 33
494 436
700 394
594 832
122 447
415 837
233 280
871 387
701 691
602 19
591 800
229 115
72 592
888 392
435 586
29 542
970 875
977 669
268 922
501 741
369 267
577 953
546 447
691 246
489 644
616 431
443 197
898 514
140 785
257 574
722 638
115 691
512 444
712 131
365 564
872 85
830 800
389 727
599 80
325 87
723 940
870 166
136 767
31 627
551 640
200 272
277 315
314 140
758 25
270 122
588 493
207 417
293 595
144 891
26 468
329 749
759 198
266 247
316 296
873 866
935 73
137 563
739 451
702 496
827 324
969 415
816 527
183 460
474 326
350 499
145 31
599 256
580 864
502 896
160 374
113 446
798 602
361 536
52 62
383 230
737 704
644 553
582 827
12 55
504 714
906 1
96 504
256 27
720 757
922 231
482 35
676 632
636 388
519 39
802 254
268 538
957 264
90 538
442 454
945 945
519 202
297 614
57 552
640 776
660 914
6 494
300 34
125 287
421 995
325 222
248 944
112 556
559 553
446 1000
6 742
297 876
943 593
841 351
497 481
127 156
746 484
1 45
869 477
683 642
472 359
215 719
302 326
627 213
879 72
564 884
813 860
112 755
805 952
457 301
784 935
456 529
419 457
925 639
933 607
280 756
965 495
827 619
820 453
183 698
524 746
934 688
606 45
794 410
348 250
62 132
185 517
660 603
325 937
241 610
543 873
717 860
367 543
830 538
995 12
588 870
757 521
557 362
917 350
123 264
600 184
747 784
53 759
738 729
695 330
690 589
554 407
800 920
301 629
810 296
640 397
517 397
269 74
110 185
775 585
800 726
120 899
861 524
657 950
605 351
280 294
291 833
52 91
105 353
719 914
1000 359
662 516
107 930
941 216
114 68
152 265
793 272
163 654
795 819
603 399
521 234
45 812
419 96
902 875
800 620
140 799
330 801
667 436
730 959
4 195
26 155
811 819
426 326
824 573
144 778
323 17
364 367
828 134
815 81
8 614
52 499
765 382
299 431
817 380
389 820
574 415
327 384
585 752
61 760
676 205
889 999
573 252
717 752
385 531
832 744
145 883
242 909
616 892
691 785
271 79
956 196
845 282
580 781
386 640
540 61
196 781
59 120
32 776
871 769
658 54
512 802
289 106
62 256
997 752
40 620
183 996
815 27
277 746
808 662
738 699
75 285
479 485
405 863
260 627
631 918
33 494
71 673
951 485
928 300
236 968
919 418
963 85
797 591
831 604
605 920
654 679
204 485
163 960
347 775
939 329
44 971
174 466
643 125
950 570
424 186
537 694
955 851
778 751
794 960
706 398
879 712
76 83
196 590
394 894
364 332
222 407
302 395
873 296
871 174
866 294
359 754
339 666
957 117
416 750
428 474
147 307
185 574
741 380
515 134
273 879
466 846
637 119
592 861
415 463
35 632
108 745
385 447
410 693
915 178
442 342
651 940
1000 187
865 740
566 380
874 190
610 691
387 598
809 978
811 223
440 845
854 900
941 591
346 703
283 612
880 77
953 882
16 953
68 233
692 985
612 917
526 573
607 912
170 416
889 980
990 681
176 196
580 469
138 277
171 772
888 402
848 192
283 216
144 350
448 188
686 411
104 211
335 63
122 504
830 362
836 819
394 363
366 325
831 503
601 1
627 840
402 474
32 36
689 527
737 488
66 422
898 522
632 232
584 105
88 413
467 275
583 212
989 301
537 820
155 489
172 781
681 926
255 712
961 295
590 50
783 656
471 32
177 455
616 760
559 55
524 377
329 458
589 317
758 477
488 913
317 660
45 997
937 299
60 249
946 650
298 728
305 121
111 481
575 726
240 133
780 115
510 460
572 450
129 330
278 616
594 594
627 638
591 563
289 650
164 234
299 461
313 955
581 775
435 507
501 26
640 632
140 501
92 712
302 220
393 579
835 338
524 814
975 466
728 615
116 891
200 766
704 512
721 636
639 507
143 139
533 134
770 672
986 213
735 287
432 479
217 619
816 92
432 791
558 511
757 673
402 957
790 105
820 862
92 458
369 234
948 901
719 718
924 704
282 11
342 714
489 910
684 305
2 467
447 559
977 203
583 378
511 372
834 331
586 926
140 954
511 88
206 230
157 481
933 438
491 627
503 980
536 186
636 537
652 434
95 981
636 677
710 499
401 544
829 986
821 968
291 683
407 496
912 563
976 197
1 819
823 503
150 358
41 137
895 44
570 341
24 205
18 734
55 770
629 883
755 801
203 45
483 609
892 395
524 219
943 524
37 765
378 538
474 418
674 720
814 243
61 837
800 430
922 854
199 902
89 305
702 291
701 537
251 592
283 126
810 225
1 199
341 379
736 166
148 762
886 961
4 298
150 803
727 423
9 277
677 97
581 730
739 633
266 341
224 548
467 385
124 467
935 816
845 671
982 345
432 219
657 787
516 158
942 594
933 950
222 609
46 154
338 784
786 956
124 9
855 590
745 979
409 680
146 605
702 127
949 133
697 958
271 212
115 212
157 47
161 378
7 206
531 345
341 316
300 465
676 506
406 421
484 814
100 982
419 801
108 719
285 805
676 907
368 143
119 525
541 279
902 548
837 433
244 177
100 895
993 776
400 399
196 236
564 647
217 982
799 676
53 435
832 728
341 200
870 459
76 763
90 329
310 926
761 553
454 213
447 447
988 846
197 535
81 760
533 649
94 331
325 146
765 156
225 105
707 447
916 782
209 5
111 518
930 223
422 383
787 868
181 774
65 377
660 498
489 192
146 582
874 470
79 990
626 303
95 684
101 10
466 309
366 928
178 295
502 599
29 289
818 210
414 883
938 74
380 426
617 877
359 843
347 437
832 324
92 926
7 192
287 824
853 652
103 382
298 605
981 327
893 150
888 658
32 825
731 763
603 700
640 961
542 338
661 841
651 19
384 289
195 588
293 297
970 590
253 302
268 497
451 507
155 835
684 885
949 286
936 940
246 477
277 995
202 289
187 852
660 923
140 854
510 432
150 831
374 403
132 993
899 935
500 405
121 183
290 69
468 577
361 65
54 637
412 255
278 950
458 937
872 597
790 734
381 291
564 106
45 48
98 296
982 597
700 102
779 341
522 598
918 882
15 323
871 778
929 148
79 386
436 303
334 577
36 714
219 951
171 264
998 269
911 979
865 962
432 996
303 954
945 572
187 311
246 57
440 174
556 519
911 343
821 244
919 208
310 138
158 480
753 156
748 663
134 965
624 918
312 278
871 256
201 57
919 446
466 358
971 21
876 881
716 48
477 634
255 786
123 765
617 875
920 717
889 405
681 865
322 992
494 544
599 47
953 517
844 418
875 815
790 102
47 505
502 875
491 108
12 613
872 629
840 143
345 80
548 377
944 221
720 790
117 318
836 69
835 679
486 61
845 627
514 244
132 15
118 974
123 130
586 346
110 777
489 454
857 388
182 152
960 901
941 76
218 128
144 404
159 981
816 355
960 330
598 91
696 68
64 818
549 1
164 658
778 4
463 634
391 644
137 702
544 78
778 113
557 273
869 715
606 36
70 565
365 19
7 61
438 422
230 986
422 745
643 551
748 105
536 490
100 673
544 995
102 321
460 658
945 328
725 550
715 146
114 80
516 472
492 954
893 721
939 315
818 582
217 917
38 753
759 138
425 302
484 878
622 943
535 918
622 611
468 337
108 933
768 624
405 259
577 297
331 867
963 148
800 180
65 838
284 823
327 708
124 810
937 97
105 823
366 726
434 833
62 541
118 829
164 874
439 92
170 770
959 485
269 758
16 685
947 299
507 625
358 982
787 294
430 891
116 796
968 549
980 30
442 449
210 957
322 1
49 492
122 359
468 343
75 415
641 933
39 998
267 825
643 48
67 758
843 35
659 175
416 100
623 977
56 945
977 456
788 450
814 467
840 282
809 266
48 801
550 438
150 816
615 792
864 681
549 58
67 207
232 482
658 207
811 714
503 139
521 290
589 687
756 780
320 916
397 367
716 946
804 865
762 770
8 977
451 556
386 869
115 970
703 772
176 513
837 678
3 358
319 591
44 426
722 363
341 118
81 408
64 236
624 177
6 631
505 808
538 890
676 652
859 378
424 386
242 612
63 245
969 733
187 364
158 261
726 850
378 806
257 793
42 880
321 399
862 825
206 400
67 881
403 925
611 178
663 204
790 725
448 758
810 987
122 967
599 199
169 328
357 425
121 398
657 793
148 870
970 353
269 36
233 672
312 195
201 974
399 990
51 198
748 860
536 221
178 134
419 346
462 775
123 934
524 779
726 671
1000 695
23 269
730 608
292 394
154 492
367 552
834 417
750 581
628 285
801 806
771 571
151 232
346 273
165 221
403 242
892 403
289 266
23 370
225 666
763 379
509 130
930 342
898 31
274 526
668 426
331 438
997 833
21 694
458 537
914 860
778 157
614 66
775 988
436 999
653 550
729 514
679 11
855 929
41 129
454 60
554 136
849 902
968 869
595 425
405 861
637 535
369 250
952 143
238 739
494 242
289 222
755 967
232 962
895 625
90 700
684 995
835 533
897 803
753 843
579 510
703 215
396 424
465 347
566 54
86 59
647 374
281 402
692 864
363 939
488 804
638 524
150 825
408 398
979 160
241 557
21 295
772 416
718 588
763 636
993 200
694 639
573 326
392 616
542 754
906 29
909 544
904 59
720 311
456 698
823 48
606 843
343 729
611 412
316 725
47 660
924 93
299 848
418 42
463 959
796 369
340 56
264 243
114 335
906 570
32 728
969 637
922 311
366 532
75 33
608 121
45 531
213 695
378 983
736 193
293 883
913 632
939 176
227 52
510 132
973 893
211 942
881 484
604 598
368 678
983 975
151 27
506 715
721 235
697 456
427 990
691 339
973 629
866 551
680 727
34 5
619 244
298 500
80 901
97 447
931 431
773 81
457 630
795 529
865 844
337 291
185 27
982 509
655 847
60 686
926 93
690 544
689 987
395 120
240 844
918 170
274 690
602 731
320 748
259 184
591 947
826 127
973 159
636 627
358 47
313 283
491 354
826 531
693 573
650 932
416 567
453 41
257 54
771 928
153 382
111 96
328 288
222 653
799 209
279 156
255 943
438 98
649 615
628 341
539 278
624 954
196 76
995 452
481 117
379 633
850 841
728 530
481 302
182 279
510 812
786 117
755 223
214 755
189 841
95 728
470 718
33 666
145 379
469 625
848 200
257 49
392 337
578 872
638 111
502 499
275 287
615 29
861 828
135 402
21 229
481 842
298 865
507 794
244 976
418 443
175 26
491 918
714 421
790 351
883 643
850 157
282 464
537 142
644 671
895 16
251 375
857 548
240 716
341 835
43 110
277 569
488 119
486 201
539 275
552 422
270 753
578 551
568 467
44 563
137 939
578 388
665 787
287 256
502 980
90 896
89 718
464 576
837 949
777 727
576 680
500 845
432 430
747 999
896 790
562 32
80 491
771 745
277 58
1000 130
37 442
25 125
511 488
53 347
789 181
426 364
860 277
208 291
706 954
641 953
95 202
985 175
45 107
919 673
164 270
803 552
711 179
29 222
19 81
920 807
261 697
170 472
974 729
114 679
34 754
984 128
308 320
302 352
426 572
24 590
842 178
141 904
709 521
477 727
601 397
885 213
445 406
684 418
486 149
449 519
903 432
646 210
751 300
913 176
871 936
117 64
466 610
968 174
130 444
252 83
192 136
647 637
893 683
406 378
831 854
248 733
637 245
294 387
544 206
915 767
494 383
830 959
992 149
484 474
593 735
908 136
222 554
124 466
236 530
843 67
383 442
151 20
686 797
758 582
2 24
348 847
407 529
157 750
678 640
223 622
726 482
757 947
36 233
412 623
762 606
41 496
399 192
867 85
340 625
18 341
648 717
540 54
245 696
156 274
688 730
895 413
212 4
712 599
236 475
221 349
433 262
844 831
805 711
267 144
687 284
836 334
1000 727
740 597
423 895
870 462
624 117
874 187
120 585
785 707
412 6
55 844
619 898
674 423
960 941
918 646
576 105
980 576
832 71
172 606
317 393
67 292
509 940
479 980
877 263
686 288
620 92
483 590
342 156
364 301
448 281
947 24
386 278
599 569
700 122
174 16
866 240
659 375
531 137
354 759
752 40
398 723
483 880
313 824
36 676
125 483
309 423
858 46
700 808
614 399
929 787
766 795
378 424
521 908
913 874
19 16
265 416
738 748
296 402
571 683
78 47
517 386
469 375
783 168
182 396
918 463
534 35
609 911
459 129
818 723
354 836
738 971
604 827
718 251
229 640
285 658
687 801
395 155
527 177
323 61
572 592
875 105
627 483
367 437
963 184
511 668
372 248
638 327
426 707
577 6
347 213
663 33
13 57
187 892
585 861
304 508
805 178
964 783
660 330
219 974
866 729
641 589
328 631
915 105
337 843
111 683
55 773
67 419
182 606
310 766
818 613
274 622
142 237
404 153
919 974
126 784
54 119
372 381
101 638
486 437
480 596
472 886
720 538
304 901
143 966
19 961
930 292
934 72
880 690
224 798
663 702
581 717
172 304
449 272
941 286
60 420
233 531
305 953
69 961
205 563
926 223
875 207
866 809
278 746
498 854
895 512
907 476
580 78
131 29
701 72
666 760
843 899
291 148
203 711
460 407
625 385
982 500
591 847
660 221
592 157
426 487
20 332
314 600
761 444
628 461
867 293
572 710
543 214
857 745
924 668
504 549
52 837
400 994
683 59
566 627
567 991
465 586
322 778
185 82
573 164
894 440
809 466
149 351
679 357
448 955
24 303
855 427
139 254
772 173
664 338
799 230
680 263
815 354
392 1000
787 965
515 681
756 323
498 256
26 176
612 473
482 987
127 336
413 265
941 184
437 956
873 588
185 553
850 352
906 594
351 692
910 217
724 665
540 221
920 565
749 883
389 230
869 515
918 633
131 210
168 919
166 41
506 702
945 708
53 202
301 755
245 210
972 969
874 511
189 145
427 937
27 815
519 247
329 788
879 811
997 46
438 587
216 734
294 268
935 594
23 180
155 994
148 380
856 688
524 282
977 902
448 495
500 128
634 378
938 982
775 18
496 565
604 711
298 897
330 233
842 704
764 996
697 911
375 904
950 250
185 926
503 984
772 2
111 405
731 48
387 506
418 882
422 21
944 719
918 625
303 111
329 66
107 377
976 833
281 926
435 817
203 937
801 975
939 263
379 21
663 117
878 80
350 299
100 645
18 369
270 320
480 950
386 938
326 713
770 606
990 204
775 193
493 927
519 783
189 249
803 851
366 681
930 715
979 382
712 996
750 981
668 581
930 405
518 607
117 288
565 459
843 339
3 335
265 521
117 805
121 920
656 486
952 937
553 930
670 264
278 420
596 945
1000 525
701 870
483 169
627 351
385 629
686 1
501 154
806 622
425 813
459 376
101 11
658 771
626 935
542 221
231 893
97 931
762 580
99 270
626 78
621 11
58 658
363 559
163 520
532 588
332 990
315 433
353 972
555 978
258 96
199 488
988 295
770 750
874 221
371 852
298 991
214 355
1000 576
265 163
96 796
102 779
138 416
211 490
740 117
467 997
212 17
485 200
664 606
301 889
826 671
740 123
14 953
478 365
529 94
527 976
890 980
754 379
748 317
868 487
433 686
483 997
55 319
548 718
925 848
958 750
870 698
225 235
2 54
600 882
147 478
458 963
766 557
279 633
43 63
671 525
59 725
196 606
794 120
805 751
221 27
448 445
261 802
498 212
683 645
42 892
32 851
854 798
407 484
782 449
546 452
325 957
176 520
914 969
991 719
72 212
745 519
656 357
672 506
921 355
150 962
246 533
812 451
682 218
934 464
18 831
267 342
139 795
862 53
115 852
771 186
415 867
57 71
575 728
576 495
82 77
808 679
961 619
481 995
188 766
458 205
949 76
547 87
870 760
139 985
963 261
170 378
127 226
800 54
306 375
900 739
803 708
418 115
326 250
109 514
16 918
718 964
994 616
50 215
375 189
551 338
801 73
67 928
650 866
333 955
592 232
694 746
939 463
860 617
712 969
130 727
238 199
42 583
167 92
798 893
632 348
582 432
420 648
711 70
513 43
376 104
275 69
849 565
531 709
181 595
29 662
321 266
213 363
201 379
806 998
271 789
697 853
220 469
500 283
890 365
325 265
468 951
334 669
868 216
729 48
810 757
710 483
374 274
197 926
652 2
923 274
790 620
478 361
88 330
643 977
694 320
593 513
622 278
181 489
846 909
537 655
17 598
489 743
871 685
668 874
686 943
147 827
914 625
188 353
306 182
329 999
501 273
863 123
551 44
963 396
304 499
402 673
448 891
767 318
575 434
191 613
728 690
791 641
666 330
993 971
512 673
321 364
946 183
838 848
578 801
243 882
299 996
554 747
886 320
416 813
105 959
777 833
648 567
825 665
249 818
987 760
490 307
123 787
841 961
634 419
761 228
300 411
224 205
509 461
876 277
273 332
235 401
516 234
968 341
898 216
158 884
327 999
542 801
138 382
113 123
800 225
351 451
7 496
386 234
772 659
566 358
411 81
591 730
773 840
297 282
75 623
281 616
424 770
350 888
892 501
113 242
304 100
167 310
595 553
896 719
563 461
428 325
893 19
55 666
210 351
947 285
974 579
252 749
348 953
636 240
454 100
833 109
199 352
770 146
256 665
216 170
125 643
494 370
13 548
35 223
899 333
859 224
912 110
324 611
63 959
202 868
411 35
976 609
738 745
106 993
762 321
514 886
316 7
607 328
907 641
550 805
326 408
380 237
870 703
199 284
13 401
503 423
787 478
384 524
574 489
868 335
162 381
573 477
739 179
156 645
172 58
449 849
817 828
437 686
882 635
321 895
35 823
317 173
300 700
48 226
541 915
912 702
647 484
530 386
15 37
30 538
94 831
738 911
10 174
948 892
808 269
786 195
91 454
367 743
154 767
968 694
681 879
747 328
715 628
65 81
664 94
970 110
276 707
20 286
880 967
529 39
235 666
233 326
119 952
68 272
718 387
317 750
617 415
77 331
42 493
763 58
587 732
167 214
438 538
499 317
504 379
356 91
44 940
768 163
243 187
786 960
573 455
710 189
869 138
872 263
631 634
320 569
366 838
782 155
375 633
824 230
11 179
320 407
470 87
569 713
273 706
24 197
160 733
738 29
223 609
643 205
594 314
773 311
151 554
466 877
186 289
106 549
819 778
955 288
216 875
352 841
580 376
37 740
108 774
120 682
734 762
886 328
75 658
638 577
564 455
453 101
743 910
649 561
687 955
201 903
829 552
95 761
279 131
500 739
257 971
420 342
732 306
21 158
315 11
734 230
465 538
331 208
799 331
120 838
638 672
92 466
576 186
226 854
316 77
592 924
47 364
266 130
669 286
287 335
296 372
565 113
261 247
672 60
577 143
897 214
815 988
32 742
173 609
595 840
686 539
764 84
902 381
214 922
18 500
256 666
224 172
778 484
418 449
543 995
943 791
560 757
130 591
498 302
200 445
494 237
335 609
320 236
989 533
509 6
385 764
23 608
288 800
443 705
600 338
51 543
128 611
651 258
553 501
911 104
297 756
340 631
364 660
218 704
544 726
62 928
841 84
887 128
884 330
833 835
19 235
729 146
845 380
755 750
880 18
853 176
773 193
158 489
852 375
192 395
100 253
675 940
337 561
68 572
242 252
406 260
486 487
758 683
866 864
432 97
881 284
624 6
476 781
494 679
155 685
426 606
290 100
897 626
12 316
549 606
567 306
217 405
792 974
439 657
838 870
753 70
505 376
75 333
508 568
11 14
605 788
619 894
239 868
871 251
183 419
208 102
724 424
858 516
398 296
524 587
517 277
656 21
4 731
353 864
650 716
877 254
503 848
499 742
715 369
344 897
139 551
350 863
974 207
730 723
502 253
309 18
881 317
391 237
47 743
100 696
458 328
302 313
175 152
54 241
873 397
490 11
299 839
225 624
46 954
699 899
207 7
917 439
323 307
675 721
401 774
769 211
102 422
523 628
573 576
869 445
324 358
808 974
196 32
597 593
986 295
492 544
654 760
982 328
418 657
49 818
782 169
28 235
590 550
863 514
477 731
959 152
440 118
125 987
149 74
580 486
720 423
29 725
182 363
53 599
371 453
768 152
621 796
387 210
697 601
75 526
683 385
677 122
502 154
460 651
579 39
488 298
813 869
23 346
231 75
296 601
879 64
104 499
211 842
60 907
794 134
432 476
519 461
949 20
614 409
22 192
799 510
841 612
730 863
957 960
289 253
912 167
668 367
17 878
561 76
136 354
562 568
830 80
380 130
451 345
538 473
536 689
334 728
300 415
591 608
374 231
212 637
750 231
355 766
108 915
842 244
621 755
163 450
834 542
931 284
238 469
108 125
157 793
852 808
207 794
767 932
25 331
920 774
561 627
891 21
541 84
264 161
838 778
962 671
671 893
307 908
713 766
32 221
911 883
28 117
677 146
401 53
476 672
178 389
298 68
409 191
152 24
703 341
801 17
12 823
261 670
730 973
435 113
545 345
995 572
814 23
69 566
427 545
589 956
285 239
24 693
429 527
68 483
867 868
499 230
42 759
251 771
83 38
235 627
734 581
550 899
604 619
464 382
515 405
338 799
643 713
843 71
239 910
905 457
129 404
39 170
514 641
292 597
678 526
575 412
458 125
310 61
95 126
795 961
530 132
111 524
196 953
946 786
214 850
594 694
253 632
215 119
273 858
67 302
735 641
713 192
117 375
605 211
852 399
523 733
882 633
256 429
937 201
214 502
50 807
195 655
791 761
773 415
970 191
716 704
831 781
896 948
507 852
510 358
602 33
90 483
17 345
263 954
897 476
455 298
282 2
304 424
114 76
838 84
266 554
787 449
686 34
748 192
885 257
549 486
641 990
320 658
334 582
963 582
409 417
879 691
770 183
114 884
610 304
967 228
209 753
28 894
139 775
85 23
383 985
861 24
974 180
33 659
114 995
240 522
763 470
564 533
4 30
416 614
333 734
193 541
486 220
786 624
994 870
999 376
206 859
751 179
390 135
189 855
481 780
729 244
249 292
128 605
673 543
218 357
276 762
249 113
981 34
89 326
255 439
53 460
297 156
990 38
290 178
245 123
957 973
366 558
616 493
162 289
387 731
645 14
844 246
478 176
279 566
853 534
4 905
345 652
412 335
42 54
864 286
176 173
258 541
730 873
385 243
513 771
325 510
136 168
755 613
343 33
531 547
918 886
451 263
538 215
949 931
268 812
216 795
984 825
335 65
49 71
659 562
193 983
423 328
502 177
940 196
561 470
742 831
356 193
445 245
759 393
556 742
172 540
566 506
604 966
928 615
527 120
597 301
447 99
477 738
294 390
208 36
220 915
580 664
511 338
408 685
715 963
778 886
502 695
743 458
660 670
72 539
141 20
839 587
118 668
676 764
57 235
799 628
149 730
643 659
419 50
695 133
12 824
370 866
518 464
323 530
133 746
420 625
765 258
563 235
277 238
998 685
473 148
312 973
229 954
984 647
3 678
131 367
854 500
232 723
963 906
252 447
3 671
423 119
281 985
705 557
222 702
242 46
201 553
19 781
859 2
427 213
31 909
579 884
408 162
607 722
419 210
520 421
881 942
892 161
278 596
69 500
650 310
897 850
215 915
983 425
916 409
637 299
318 568
182 77
81 140
151 500
350 22
272 582
964 163
742 593
759 810
92 408
472 341
609 686
255 591
110 523
352 98
821 21
17 354
449 98
846 599
597 195
621 220
776 936
383 869
528 141
30 972
900 501
312 508
538 918
451 999
440 802
97 612
174 113
318 622
562 163
221 158
357 193
730 484
128 112
352 7
604 733
978 503
234 641
362 123
559 164
122 350
317 218
314 490
682 631
112 244
793 684
753 501
876 482
984 355
945 687
713 548
419 43
402 4
683 116
127 593
279 248
943 596
817 256
437 498
238 548
93 30
583 198
530 810
679 865
516 624
551 229
523 969
271 925
973 953
392 451
898 670
698 192
617 514
799 54
363 36
953 456
65 536
653 946
697 683
810 213
658 360
441 181
680 711
457 4
15 848
454 912
869 151
455 486
16 253
539 379
288 843
186 704
730 190
649 427
224 458
639 882
817 431
414 849
141 870
852 507
69 658
771 937
160 225
422 176
478 312
906 117
155 443
821 236
984 469
662 207
279 300
440 447
82 853
74 499
81 142
156 851
79 315
427 852
842 256
516 747
373 22
541 545
257 524
365 919
83 643
570 522
90 652
375 736
225 800
234 657
942 741
859 372
56 286
223 249
893 90
996 617
111 888
161 368
412 526
638 494
520 559
367 961
562 93
697 139
893 282
795 834
23 654
557 430
291 131
678 183
221 25
800 331
913 312
50 676
837 39
521 709
598 887
669 511
980 365
649 872
999 444
57 21
97 613
802 387
743 831
921 963
208 720
646 472
384 47
147 220
86 19
928 35
905 949
545 236
313 546
107 311
989 515
683 437
127 836
175 222
667 95
184 226
167 181
697 550
580 843
121 665
861 401
51 117
349 947
353 13
492 811
676 480
326 358
268 452
546 442
25 564
537 209
789 55
741 485
604 320
679 76
336 891
476 738
7 824
685 711
837 528
522 512
8 199
221 275
650 118
69 675
681 605
235 469
11 327
305 614
999 983
689 334
873 517
72 232
340 108
294 528
635 815
391 994
13 964
621 15
81 689
41 762
645 627
582 655
305 887
268 303
869 308
637 94
824 60
677 516
167 970
43 801
137 786
795 501
749 415
867 829
103 259
942 747
237 524
753 542
410 20
844 630
679 832
75 503
243 751
370 409
73 764
562 561
549 708
413 649
474 280
830 576
890 771
674 127
646 778
668 407
797 863
37 827
47 111
681 289
214 50
50 638
814 963
198 714
670 610
363 143
241 192
70 131
962 95
257 960
872 276
366 20
138 754
198 536
865 879
825 430
280 226
67 93
188 616
807 209
225 521
703 466
712 772
596 25
218 204
984 441
479 350
812 616
103 9
152 319
887 328
100 167
905 166
611 92
133 769
652 358
289 354
175 1000
477 770
25 46
973 360
486 451
61 297
418 164
657 921
834 544
600 934
62 504
451 672
947 584
793 598
293 81
303 467
433 131
588 809
176 912
168 13
714 229
661 483
744 318
404 929
213 3
214 274
859 665
297 805
600 89
755 244
522 409
62 954
540 649
762 715
560 281
728 625
509 740
107 252
57 510
181 269
865 394
542 75
410 191
879 361
631 985
956 152
394 17
457 933
665 570
999 576
851 78
200 359
818 307
963 874
168 495
495 384
240 388
458 2
578 689
362 209
673 670
712 418
686 521
702 351
90 701
278 292
130 478
3 947
136 965
173 655
811 667
39 402
54 848
403 984
536 117
544 561
786 607
978 471
127 32
173 569
732 451
860 213
280 862
512 767
178 684
421 340
702 811
742 107
659 144
90 546
612 985
106 397
592 436
220 70
467 392
638 550
194 850
762 473
711 273
239 241
308 12
580 9
822 321
468 832
817 909
378 428
894 835
177 485
622 396
906 88
139 544
989 333
393 751
157 455
375 396
47 683
759 627
43 580
299 510
764 115
771 141
895 664
327 71
500 949
818 405
388 308
300 377
640 44
127 797
499 853
544 545
535 302
523 930
233 822
791 996
288 561
488 182
224 815
604 75
115 773
480 502
81 779
878 72
175 356
220 673
209 115
569 95
768 444
376 1
265 167
348 904
79 836
86 655
2 41
729 116
166 208
617 246
339 847
669 513
202 889
537 762
3 457
209 771
900 584
123 516
102 470
772 181
305 857
835 658
249 915
773 414
475 742
11 813
588 680
677 141
255 274
373 463
44 625
398 518
492 500
988 263
32 644
471 218
302 720
132 426
485 606
167 496
770 754
527 798
247 446
714 501
719 87
315 115
63 712
632 554
563 971
169 946
967 639
163 268
710 647
45 195
604 212
42 374
317 920
523 563
365 237
415 435
675 729
549 89
793 533
994 707
855 162
653 821
801 167
440 510
165 485
56 769
696 449
494 12
368 368
927 732
604 341
167 630
422 67
70 566
599 64
272 454
225 276
626 25
795 66
887 959
550 294
79 597
743 924
960 110
292 238
194 247
931 712
877 352
778 946
269 729
361 540
534 586
168 159
962 314
576 848
272 477
142 703
73 236
626 385
345 917
622 890
164 552
601 392
255 731
689 523
811 50
415 344
635 582
854 596
895 782
796 518
258 289
572 683
524 198
67 220
466 40
110 981
944 62
372 198
144 413
721 954
462 487
649 448
420 855
395 314
636 190
183 893
478 755
927 353
304 993
573 769
385 34
102 328
447 473
525 591
885 597
544 698
435 193
145 854
399 540
519 34
81 54
278 911
808 205
263 463
549 187
583 933
572 684
612 19
509 489
609 745
85 504
443 872
48 939
725 446
830 244
479 263
297 109
173 456
313 787
270 213
326 852
498 897
888 109
267 396
597 875
492 34
731 934
905 778
225 981
224 54
316 872
514 840
679 826
627 948
391 952
152 888
200 391
996 467
138 593
693 629
978 775
563 882
553 139
862 128
192 438
533 860
661 47
699 340
224 325
639 614
628 142
501 180
532 497
998 669
441 42
298 418
817 212
651 721
350 864
848 893
653 380
752 314
778 451
5 2
127 643
615 107
785 116
638 668
964 635
337 404
676 986
173 844
549 175
564 250
38 411
142 691
143 246
356 920
48 360
921 174
354 888
632 138
3 269
806 966
255 494
721 931
831 245
126 379
419 690
628 808
100 121
850 594
366 205
514 765
916 786
291 270
673 922
759 27
543 916
992 797
409 64
79 591
660 205
969 78
894 948
238 345
421 439
939 138
644 804
903 911
941 193
180 614
466 939
640 8
854 984
805 615
399 235
205 59
439 526
488 332
473 77
29 893
516 967
31 511
122 285
421 62
477 601
27 942
891 19
302 96
2 458
710 752
692 267
810 131
792 650
814 264
726 194
509 241
160 891
751 633
527 524
695 3
476 73
296 366
91 949
461 444
406 523
196 98
789 357
580 580
6 745
195 84
939 55
676 450
297 779
435 823
302 481
177 777
553 473
494 644
421 306
87 179
828 282
276 968
639 207
547 996
303 94
431 593
500 107
43 797
885 477
619 538
957 148
314 509
620 159
504 392
464 591
570 644
224 197
611 214
755 510
562 58
603 992
2 102
98 44
250 334
872 221
871 180
368 536
41 339
46 544
82 510
486 4
153 710
200 115
923 307
624 484
716 226
476 717
680 925
113 281
259 984
501 481
164 220
369 556
558 414
99 640
923 585
643 427
294 194
542 568
852 517
52 919
95 879
636 774
155 100
406 765
83 907
246 598
478 966
153 36
379 604
27 654
188 21
80 833
566 973
400 770
490 803
688 584
33 675
709 540
774 466
304 209
724 901
158 202
866 311
237 245
266 615
250 805
987 681
637 904
654 388
673 495
543 361
430 927
387 490
466 161
955 770
369 679
670 526
880 888
188 468
484 453
434 733
609 420
413 245
323 418
985 348
264 527
708 693
453 94
534 271
606 841
40 326
871 61
852 102
300 391
921 783
196 354
515 804
125 280
401 799
697 385
146 961
263 205
5 67
651 539
337 256
731 376
934 601
789 137
702 88
527 622
871 74
975 737
878 451
16 630
249 65
14 747
377 276
951 381
342 953
271 679
561 1
406 494
601 546
630 654
634 508
275 856
582 601
944 811
51 312
440 652
728 805
750 104
432 52
484 773
5 755
803 917
107 561
410 708
106 391
713 91
898 988
298 479
940 594
641 991
905 432
994 632
236 743
735 667
146 570
792 150
676 946
66 783
506 827
842 964
217 554
406 115
893 704
945 833
649 938
175 553
369 520
536 605
614 622
271 759
543 62
909 219
360 326
353 865
153 546
180 721
99 586
835 344
641 132
176 289
69 350
193 789
221 728
393 834
701 16
592 243
429 852
813 788
178 165
5 682
710 184
402 161
769 589
504 761
72 31
732 593
280 952
672 25
785 372
40 376
967 468
580 779
608 757
296 612
790 5
795 543
517 916
131 372
28 554
402 77
45 485
21 677
788 693
701 572
64 740
300 30
559 879
161 518
987 456
129 776
460 276
670 329
543 153
700 570
706 454
998 103
290 19
779 78
711 479
1 126
570 652
156 128
882 316
998 868
123 126
995 582
753 665
262 295
817 962
865 874
767 862
976 56
880 754
485 942
232 486
68 153
137 575
633 19
242 630
238 364
755 585
297 860
601 559
154 417
872 18
642 638
232 618
45 463
371 530
405 955
15 824
459 503
398 91
873 639
720 111
2 827
695 298
686 295
856 839
63 727
209 704
716 792
673 761
254 396
642 10
350 8
833 160
510 582
251 383
220 322
493 573
148 539
871 185
185 78
376 247
157 936
302 224
727 975
336 332
370 977
342 71
984 526
230 846
108 832
228 679
154 72
252 653
962 474
838 146
551 565
744 59
500 45
283 578
371 618
909 740
947 250
810 930
128 392
127 235
223 354
265 376
777 516
29 90
989 218
235 892
134 978
950 633
375 584
210 745
202 118
837 148
720 998
429 847
389 556
433 612
339 390
565 719
479 553
288 714
796 421
43 98
405 769
681 966
866 234
436 702
733 155
699 514
353 88
69 137
51 681
833 741
70 397
812 549
302 99
614 97
872 8
546 276
129 227
594 994
812 29
695 545
535 393
58 887
832 478
23 234
158 207
975 580
956 138
480 609
236 445
705 459
804 603
87 932
829 680
925 640
708 971
536 242
716 593
480 547
422 854
781 580
412 107
511 367
244 990
975 831
434 32
642 237
634 728
521 814
407 445
805 466
768 693
59 483
285 890
29 59
743 161
990 154
619 500
873 214
489 199
397 274
582 38
862 567
732 523
179 537
340 946
229 398
428 865
287 808
923 381
321 912
886 291
763 758
505 603
309 253
876 890
290 738
457 406
471 188
928 1
76 267
946 656
16 725
873 302
885 147
34 557
411 919
847 173
677 703
776 337
955 651
226 596
740 34
1 563
574 280
563 1
546 861
657 913
937 529
566 821
27 599
377 437
518 576
610 546
630 737
882 585
387 107
532 479
493 533
393 66
812 955
66 710
167 74
622 104
954 188
924 981
786 653
417 655
580 378
200 209
114 81
145 853
540 677
683 32
561 75
449 372
381 866
81 548
292 55
651 245
242 926
225 379
578 994
34 157
371 233
718 485
666 862
689 205
890 371
588 450
445 388
174 825
605 606
372 896
660 374
141 253
300 717
632 877
710 17
386 433
601 455
917 266
316 605
822 558
975 761
7 771
148 532
947 753
138 671
1000 797
44 140
50 343
857 33
572 566
401 309
998 1
763 266
619 430
222 440
987 548
553 346
318 52
877 617
156 366
287 156
163 330
295 564
25 503
948 948
421 348
256 770
700 370
36 318
799 609
110 138
509 662
835 178
65 63
794 221
429 80
376 943
410 22
858 786
525 805
733 945
504 988
714 203
709 101
521 507
62 982
996 570
995 182
747 59
597 541
279 377
620 6
319 381
28 176
166 904
332 898
848 835
237 913
389 945
366 261
804 427
242 151
996 236
333 94
295 281
634 925
657 606
931 975
986 958
502 504
861 833
753 60
19 342
324 407
286 689
668 441
467 261
592 462
497 276
908 143
556 541
67 212
498 997
538 484
306 39
339 166
223 443
577 241
784 901
647 422
589 666
862 56
927 805
869 423
80 776
917 987
669 983
550 166
980 87
1 285
477 691
134 379
291 917
631 290
338 572
955 552
979 881
356 199
655 788
975 923
774 995
906 324
512 885
762 865
521 239
555 323
289 688
54 580
957 684
869 646
607 175
197 585
408 905
784 414
692 110
337 465
104 242
140 967
478 902
831 998
492 738
673 780
777 78
359 733
113 579
731 720
754 927
304 513
183 439
926 874
548 262
339 3
503 478
322 332
731 152
682 222
889 354
2 666
783 712
750 895
291 480
966 396
759 622
908 941
60 185
815 608
447 505
962 301
334 283
985 65
787 666
286 675
371 287
692 153
351 442
47 993
273 365
740 383
986 999
676 45
183 490
4 981
346 966
634 679
600 618
95 386
283 381
413 653
19 104
805 369
897 203
713 522
567 452
904 904
450 579
949 985
420 952
965 117
269 598
796 869
215 890
606 849
622 18
501 641
474 657
361 370
212 74
243 130
877 147
34 327
77 982
311 849
285 627
965 906
225 112
126 791
354 731
992 327
101 492
319 574
501 680
295 64
105 890
193 333
36 578
659 464
911 321
664 548
300 981
453 524
444 578
666 797
660 657
476 112
501 794
685 353
825 332
416 929
221 960
262 608
890 272
945 87
347 244
419 799
119 862
728 136
11 740
145 486
851 645
279 888
349 104
219 116
384 791
75 645
750 964
269 172
116 565
610 462
808 28
613 278
890 692
413 900
783 557
385 634
553 15
521 901
118 91
16 502
233 443
498 982
758 118
153 873
682 763
687 841
142 651
118 31
694 531
282 477
439 18
110 992
33 982
244 502
424 260
3 656
54 853
637 811
322 789
36 4
903 74
844 397
76 314
427 121
844 61
597 634
430 58
625 462
391 221
316 814
480 318
469 885
522 105
695 844
246 82
199 500
507 42
896 582
355 675
55 550
735 651
184 516
61 160
978 451
380 293
617 211
962 85
447 836
542 494
31 139
575 229
638 434
622 886
367 329
560 421
878 646
72 413
161 484
925 490
286 656
134 902
219 448
339 665
283 232
158 665
370 85
893 359
518 514
244 884
842 155
305 72
152 728
836 313
211 760
154 848
768 288
102 986
87 440
2 721
23 160
385 744
596 277
102 113
142 698
996 336
204 652
759 356
379 594
20 941
706 173
789 825
812 890
162 898
681 163
618 703
674 354
798 269
982 899
733 476
948 81
811 504
732 921
859 463
514 878
403 571
402 543
747 214
784 908
463 464
423 433
518 96
786 315
717 120
566 801
595 865
881 757
368 613
677 226
75 542
455 829
465 857
372 211
422 155
119 884
971 541
668 488
988 806
155 56
925 720
857 519
584 737
275 952
701 303
529 127
844 984
956 308
840 679
871 261
833 989
496 155
881 164
643 868
969 797
276 245
868 132
763 451
868 389
754 921
691 283
47 886
266 2
546 457
32 416
717 865
756 564
371 636
79 13
855 399
161 130
643 380
613 757
831 833
145 936
753 187
218 799
73 483
153 970
939 184
385 7
400 140
923 771
127 1
135 333
400 296
815 42
675 427
799 857
259 295
793 11
482 10
810 906
845 314
875 135
497 611
142 897
102 64
667 228
416 153
912 815
448 726
209 475
153 359
683 411
653 475
774 486
837 935
391 33
248 617
167 96
227 660
992 328
75 10
907 491
163 819
657 962
544 865
788 696
223 471
459 228
297 584
65 485
518 456
517 117
424 36
212 651
47 556
330 122
565 237
612 79
55 620
393 598
485 180
646 59
650 456
638 299
39 703
783 908
510 652
24 933
39 235
583 85
790 265
206 707
501 169
785 555
789 177
504 625
357 501
683 358
308 321
8 346
375 143
605 884
794 628
816 184
863 751
268 4
15 826
710 515
346 847
421 486
23 276
110 731
777 145
441 84
817 800
782 191
942 386
74 87
366 241
270 228
991 890
583 5
715 293
871 412
139 291
898 513
567 359
596 695
503 388
130 671
187 263
213 129
1 286
567 366
879 837
945 869
726 527
226 792
819 96
203 309
739 100
174 657
459 121
703 313
508 832
984 46
447 196
526 447
834 93
812 64
929 756
932 6
282 509
149 453
957 351
761 695
803 286
703 613
406 405
277 265
588 260
311 34
808 188
480 993
280 643
408 560
398 339
917 680
200 65
484 156
416 596
202 570
882 904
182 639
660 810
904 599
422 566
633 581
753 464
573 385
107 980
944 856
670 861
887 221
925 370
376 692
966 577
613 847
832 146
837 843
956 740
442 377
657 426
957 410
241 881
794 699
212 89
555 233
301 441
454 578
811 829
269 128
758 234
326 941
379 162
136 686
254 577
62 910
354 370
671 594
250 816
645 813
905 199
46 205
991 851
782 153
31 403
280 788
988 605
81 718
767 216
404 20
144 817
281 849
187 952
442 788
767 438
953 23
636 998
580 979
848 713
131 878
467 411
18 454
367 450
172 485
17 927
856 160
743 137
8 281
440 801
421 558
239 373
581 226
370 512
204 569
224 687
798 691
97 815
496 815
264 19
300 632
945 155
791 40
643 150
320 82
303 740
640 893
464 220
118 185
83 674
753 306
360 551
348 808
622 333
214 273
964 159
428 107
198 70
256 869
152 910
961 143
802 424
714 272
609 796
945 713
453 656
615 801
463 332
348 436
16 561
709 331
719 488
437 268
909 45
137 412
954 449
554 756
872 267
27 832
62 323
545 515
978 511
667 792
842 14
579 209
926 287
540 997
126 328
264 35
372 752
446 326
552 352
433 424
618 811
607 32
485 503
898 814
14 916
605 207
281 535
416 206
174 307
202 299
634 818
685 6
921 483
683 473
834 467
248 803
277 854
186 113
357 83
926 722
350 882
928 630
416 343
188 589
1 741
240 635
558 924
640 831
406 674
303 239
140 902
42 768
755 227
880 463
662 157
184 11
390 112
993 805
806 180
746 807
272 985
441 830
908 432
12 666
457 314
904 596
215 297
715 321
876 946
784 537
102 319
899 491
782 243
647 940
774 744
98 46
728 890
875 988
321 238
653 777
551 908
724 117
205 438
789 80
383 924
968 836
243 218
678 376
461 324
315 234
68 412
279 147
301 505
134 973
742 138
101 644
46 824
112 250
613 901
681 347
824 1000
534 418
217 211
794 29
535 460
615 602
224 245
100 524
750 234
849 843
723 949
125 950
369 89
202 401
436 26
400 969
795 969
180 940
349 66
400 963
19 623
208 118
498 309
703 346
503 426
295 341
193 771
643 914
859 844
314 646
221 714
615 16
34 146
955 382
563 706
697 581
680 904
698 178
564 753
875 66
178 521
407 722
291 49
635 150
892 301
147 465
366 113
480 399
258 786
132 172
844 828
752 523
83 802
52 646
554 927
712 83
447 118
804 90
518 791
591 761
443 737
225 808
850 704
558 459
842 689
631 37
517 382
911 599
535 963
597 88
241 308
170 687
425 326
776 294
468 366
54 910
103 279
69 304
334 626
762 527
314 392
563 182
126 474
133 660
436 729
100 676
36 621
714 812
946 842
457 765
207 510
674 661
788 742
964 122
719 78
648 33
821 563
566 298
36 698
958 823
778 409
850 165
29 915
328 327
756 784
91 315
294 117
975 433
210 291
906 929
720 554
961 540
468 526
838 503
576 147
677 705
555 526
870 583
792 197
261 548
333 352
862 978
468 188
410 677
830 316
605 549
221 917
441 688
795 630
542 370
128 218
426 682
95 295
616 886
844 877
785 528
580 646
505 47
186 914
75 367
581 680
268 801
948 708
488 742
689 29
463 816
598 889
849 44
183 816
930 378
44 714
905 623
712 409
21 249
675 96
615 255
127 882
408 74
941 247
816 981
628 630
148 225
518 996
269 53
812 550
430 855
615 687
830 678
447 850
926 121
945 893
728 423
126 135
497 419
733 664
399 360
293 547
585 811
894 205
863 705
106 644
912 720
330 93
398 777
942 675
249 239
567 328
661 45
462 509
463 195
172 213
906 817
759 842
627 653
46 841
709 151
836 972
223 166
416 620
294 358
294 894
948 213
222 960
257 35
469 719
229 992
931 487
808 42
328 434
46 374
626 106
876 462
430 98
979 845
69 624
554 715
517 501
279 738
461 535
773 281
605 353
272 887
839 80
280 167
865 325
892 491
783 119
304 212
569 282
408 637
905 962
703 773
814 981
511 626
867 635
906 823
987 530
710 178
609 341
696 825
18 587
667 800
57 970
363 625
603 770
614 859
731 668
632 897
649 494
522 867
128 428
690 466
957 751
643 917
91 690
741 460
628 408
259 685
729 621
309 684
743 274
542 825
942 525
721 942
18 243
808 497
22 849
963 330
951 957
246 394
647 338
853 274
97 464
310 178
84 619
861 178
244 402
3 185
927 723
126 296
317 286
793 338
486 755
19 437
63 616
182 61
306 34
335 402
497 996
931 933
966 791
110 210
545 464
394 823
539 872
118 855
509 910
545 346
16 563
782 431
531 315
491 836
349 177
589 197
173 520
481 138
662 943
347 206
406 93
28 944
316 146
151 176
407 695
521 775
609 655
205 139
969 695
326 669
872 915
866 44
434 346
533 95
288 880
653 46
324 680
341 639
177 491
814 936
185 334
710 146
988 914
636 309
960 962
977 183
876 842
578 661
540 111
107 179
342 759
576 665
791 917
655 967
407 820
254 944
505 963
89 493
228 76
153 540
37 129
722 264
971 300
276 862
762 383
392 103
493 968
119 283
884 773
602 290
592 855
233 448
170 673
292 749
749 444
288 137
573 362
753 895
13 28
756 774
762 147
876 255
114 346
537 997
118 490
287 61
697 871
508 866
544 800
966 644
595 254
780 167
967 532
61 979
560 816
752 321
315 979
927 780
324 816
777 793
305 415
205 1
637 64
218 180
215 184
175 810
789 955
976 755
838 37
733 397
204 836
70 870
814 348
650 137
163 778
281 820
544 485
172 180
548 390
712 763
925 886
572 713
192 547
819 30
935 551
778 491
386 199
712 551
547 361
687 709
490 967
880 385
803 52
565 350
793 628
112 717
865 35
781 409
934 599
438 220
501 567
710 238
766 422
788 664
134 826
724 976
144 604
360 946
655 276
295 447
903 759
515 120
793 295
528 78
893 317
298 745
883 359
982 1000
132 769
663 618
946 387
593 89
990 952
34 996
228 680
794 482
790 308
601 935
954 480
12 198
796 661
942 31
20 275
30 151
395 45
768 340
431 360
428 772
664 813
119 243
844 264
724 634
571 677
920 876
508 931
73 656
592 366
686 963
640 67
113 34
111 233
373 893
592 152
16 607
964 486
849 159
749 925
792 671
953 63
546 460
994 970
115 937
335 152
899 974
219 363
359 681
595 83
926 539
234 293
145 549
779 346
708 527
270 851
198 222
914 95
33 259
65 148
195 399
299 445
725 869
807 435
902 402
518 179
940 751
471 436
652 601
781 711
128 402
561 677
975 826
771 8
436 187
507 982
938 157
426 14
378 233
448 279
986 965
457 277
68 279
712 71
880 845
781 359
598 693
387 573
871 509
932 306
696 438
288 633
594 713
998 323
297 445
601 634
762 409
910 181
40 974
251 919
818 383
629 415
75 15
339 945
523 270
603 218
59 890
202 5
954 199
327 251
996 928
884 109
688 146
289 727
119 891
997 936
273 625
702 347
991 393
644 514
662 246
83 721
487 637
725 440
187 403
42 182
682 926
290 370
71 930
448 189
820 445
476 92
421 529
791 412
921 786
277 935
31 359
655 869
995 731
308 182
485 350
715 167
627 357
536 49
286 335
589 458
131 64
901 552
944 691
315 865
828 591
799 210
301 805
78 648
887 386
181 371
735 895
537 713
603 424
761 241
759 349
698 889
764 598
792 707
641 458
923 468
400 721
678 701
877 755
348 115
492 528
486 578
774 374
290 729
150 50
969 260
398 18
500 513
967 292
220 607
101 142
427 501
215 456
553 443
562 252
558 54
131 395
631 256
120 273
984 269
322 952
528 72
321 28
584 288
671 155
246 123
297 672
623 863
479 527
305 41
778 862
94 908
608 76
164 728
348 147
996 22
451 876
445 771
903 28
410 925
535 656
47 831
679 22
45 158
548 349
198 678
563 643
585 170
718 100
897 66
599 245
439 49
120 883
171 374
262 933
650 796
588 696
978 618
69 22
775 969
371 324
646 285
966 582
454 684
682 703
101 280
947 539
680 66
773 850
791 34
782 440
182 721
487 159
339 556
533 465
789 521
539 754
102 992
789 783
694 241
414 992
131 93
57 903
295 199
289 428
638 470
149 125
980 839
32 512
655 259
766 443
779 304
549 232
296 337
367 341
930 780
333 60
873 741
963 167
940 603
946 929
72 94
405 51
284 788
563 939
46 328
733 824
984 281
56 631
970 774
971 899
553 655
310 777
396 272
295 687
226 241
615 297
686 20
700 970
159 262
260 205
941 992
28 276
625 435
208 229
844 113
883 153
889 630
777 184
316 2
424 283
651 109
654 350
430 812
963 41
16 255
33 396
531 657
182 436
602 390
664 445
854 899
949 742
528 725
277 196
79 52
830 729
513 835
78 294
646 392
335 14
646 367
409 176
375 942
964 976
331 979
772 536
877 72
630 757
797 906
304 227
310 133
955 822
967 384
467 964
775 801
977 772
519 737
948 893
679 263
220 361
241 343
897 470
415 878
226 563
783 529
789 444
13 743
617 979
478 84
294 604
884 271
375 755
359 674
647 389
936 219
750 529
561 998
998 327
875 223
889 9
103 677
805 115
771 421
445 600
856 738
203 740
8 930
846 719
603 492
107 539
62 208
67 975
557 416
301 783
638 542
144 92
570 948
206 693
720 650
292 576
387 847
667 747
776 512
465 378
355 923
268 417
483 686
101 43
822 90
936 317
181 506
264 386
198 983
387 841
558 774
687 224
520 462
735 336
840 90
610 459
858 92
145 600
131 597
994 304
687 930
620 219
435 235
605 984
217 343
824 127
116 511
350 987
972 437
674 163
878 284
974 735
375 118
334 857
66 679
512 752
608 131
323 394
365 927
377 934
269 201
60 737
63 761
75 386
197 749
901 426
384 874
160 110
343 845
967 408
524 478
512 483
961 834
877 325
112 253
610 732
805 669
468 867
430 895
253 978
643 153
756 378
378 267
487 720
464 805
127 339
283 990
821 595
823 697
919 286
302 529
18 106
549 837
973 330
731 577
660 725
81 415
102 458
681 941
177 144
745 655
482 379
997 303
973 819
351 244
105 652
124 474
110 672
310 82
354 393
10 13
469 90
427 923
899 107
863 427
603 959
81 436
338 77
738 662
248 441
905 704
444 28
177 553
52 838
986 405
582 995
769 51
436 195
973 334
653 835
760 607
793 193
43 482
621 780
144 220
572 48
923 16
428 451
568 831
641 554
587 222
900 355
624 336
901 596
21 905
782 133
512 927
325 554
408 297
685 903
517 257
303 439
272 82
242 191
912 882
744 850
455 644
556 79
331 456
26 351
360 808
483 871
86 159
776 493
456 461
748 972
717 50
762 340
131 355
530 394
588 626
243 43
621 150
473 303
605 498
653 316
305 488
539 390
998 314
235 805
774 982
128 842
383 890
181 513
596 63
258 184
688 852
226 660
1 50
962 957
547 966
272 204
805 162
593 803
476 179
607 601
512 735
443 894
976 975
758 571
37 367
106 76
218 331
735 218
380 48
174 279
14 798
482 818
959 426
972 434
605 931
387 116
665 829
362 992
803 471
914 192
838 20
267 55
702 354
625 434
401 150
712 766
947 193
936 258
618 907
691 574
837 77
42 853
257 403
844 60
225 110
603 62
129 869
469 830
574 445
263 327
594 326
92 893
518 379
150 488
286 192
61 474
621 102
327 877
856 522
288 81
631 890
494 759
111 962
941 684
758 203
362 352
529 806
596 398
184 745
885 469
936 298
943 556
751 621
433 607
494 72
39 125
962 532
235 424
846 175
459 603
730 821
306 610
626 901
359 809
645 244
630 933
893 924
488 643
544 272
601 389
344 639
513 657
523 100
80 368
626 890
322 355
710 628
316 335
880 675
496 877
270 125
809 162
400 648
156 943
272 757
683 615
747 196
623 269
647 54
988 272
943 310
627 5
289 294
691 520
968 186
396 237
662 204
750 61
852 906
355 123
14 38
89 760
585 63
381 231
468 368
854 762
29 832
766 669
126 809
189 93
346 584
682 8
140 431
420 343
688 127
817 701
164 257
813 100
319 193
682 138
912 535
899 293
367 17
961 492
825 501
936 170
437 969
529 576
400 949
918 87
75 86
788 590
342 952
41 12
144 722
149 407
608 399
699 974
767 12
817 591
113 948
73 641
875 824
941 144
911 15
229 50
956 570
1 996
933 496
69 81
902 677
832 601
2 598
612 171
541 475
775 51
293 649
875 586
793 137
600 373
538 908
943 538
255 875
385 676
308 286
704 491
238 57
88 201
579 628
280 802
608 925
802 482
510 594
618 461
319 507
720 613
44 327
839 780
2 146
65 705
988 655
761 76
855 340
55 882
896 687
683 503
963 485
336 824
430 305
284 748
811 356
360 206
682 199
985 683
696 402
739 684
56 851
111 262
190 517
144 438
203 178
940 517
662 628
340 444
932 976
543 743
331 255
948 12
805 933
46 852
686 136
887 741
986 997
2 528
514 145
965 68
675 256
585 688
883 276
131 815
251 26
557 581
280 856
944 436
788 341
287 473
476 174
565 462
170 567
989 35
63 305
455 89
560 391
777 443
666 907
609 917
284 517
849 563
372 793
998 512
485 637
984 961
810 901
422 331
819 762
366 233
66 172
322 625
914 98
419 579
356 379
847 640
895 696
554 267
840 904
778 324
540 113
284 349
679 183
818 396
416 235
919 737
212 832
186 982
763 541
361 609
532 255
656 86
521 495
341 298
171 880
763 454
580 775
863 610
958 32
358 725
267 276
461 830
460 646
811 574
538 171
182 70
426 190
507 946
684 847
596 854
78 358
484 874
618 793
905 975
517 523
603 329
352 414
326 163
987 864
333 520
285 110
709 791
408 745
989 3
598 66
712 609
74 195
834 691
988 739
18 856
613 972
185 965
737 510
479 723
373 163
242 9
273 303
799 680
47 787
204 745
957 277
291 790
320 630
528 337
486 493
660 22
809 396
531 287
470 256
801 63
264 73
365 63
104 411
201 137
759 405
233 715
33 876
504 352
505 384
40 342
876 51
363 684
446 894
322 915
501 122
330 764
547 694
178 650
457 379
139 215
135 723
281 167
598 784
871 455
519 910
796 746
961 511
429 758
404 102
25 904
576 354
19 122
399 197
123 207
927 613
421 61
336 53
579 285
189 449
739 707
711 887
453 23
397 233
780 152
335 156
407 910
509 425
383 260
621 505
466 547
118 239
959 805
291 538
89 479
338 180
186 400
66 990
422 462
613 908
709 19
169 570
443 551
829 416
408 294
314 877
532 273
33 823
162 121
653 851
300 838
251 717
179 672
178 753
577 142
660 286
512 181
855 307
83 683
722 842
328 35
718 860
659 102
682 820
223 686
23 874
876 273
943 54
296 472
806 873
614 818
158 125
998 364
431 432
398 504
274 725
891 343
584 549
445 617
721 19
303 743
244 178
367 186
583 662
658 389
534 623
558 691
747 907
406 530
338 803
385 611
528 275
954 111
824 750
80 896
768 382
990 11
911 356
549 493
17 206
233 551
828 790
593 926
696 999
807 34
801 192
996 680
466 301
50 222
536 169
955 877
532 865
232 80
709 601
637 942
503 816
731 95
93 779
445 900
812 598
91 159
277 908
460 419
549 861
640 436
30 594
313 561
810 896
992 519
496 980
812 998
795 894
445 887
672 241
786 835
838 228
346 115
136 805
885 36
17 525
471 46
470 135
958 632
383 301
502 878
280 313
228 74
558 24
313 582
264 450
416 102
30 761
568 165
917 452
552 934
328 374
331 150
509 289
133 243
941 634
472 221
298 699
646 855
74 958
788 338
408 204
791 437
316 358
953 585
161 504
518 841
877 200
990 737
840 474
979 781
107 451
1 756
501 646
962 575
956 750
912 715
305 702
503 972
411 455
556 571
310 425
763 538
625 104
627 464
577 957
596 35
759 596
790 260
594 104
186 549
853 449
263 509
502 765
480 912
571 36
834 232
460 597
121 436
700 99
252 629
56 847
663 814
795 805
425 388
908 610
288 112
410 902
620 911
18 99
174 940
134 8
171 946
956 643
733 7
742 336
635 797
183 650
962 329
454 387
68 713
348 355
824 758
256 443
20 625
541 194
564 27
201 86
324 508
728 408
514 821
744 501
617 926
150 931
606 955
669 673
667 368
27 490
125 634
284 145
258 176
338 173
554 890
258 877
397 337
285 262
158 28
114 126
305 263
56 910
569 724
582 235
92 960
76 568
945 711
64 202
887 753
374 792
642 983
21 390
319 305
4 476
684 117
602 340
732 9
601 300
733 534
887 176
493 314
95 789
25 511
990 263
263 715
54 257
697 74
730 649
843 765
118 444
104 849
452 56
148 536
589 386
63 433
700 510
221 724
20 562
338 282
276 391
538 324
817 536
691 546
536 885
311 653
680 766
501 131
822 1
19 762
195 85
942 767
160 313
329 497
595 956
888 484
280 704
19 322
601 907
206 263
559 237
29 60
719 202
412 737
963 797
522 509
234 815
276 393
128 604
890 74
911 129
909 542
184 280
863 136
186 420
399 744
656 427
155 375
980 566
463 942
715 336
803 948
151 78
692 630
33 933
55 943
413 963
485 948
242 699
84 427
471 482
171 478
260 677
204 239
595 667
532 309
354 334
608 504
411 651
485 795
584 539
738 348
502 574
296 743
272 379
522 94
212 44
572 471
720 775
61 314
793 592
974 147
926 933
2 688
584 839
483 519
377 572
218 878
145 513
973 768
243 846
862 454
889 785
276 960
559 336
626 704
280 951
202 557
884 555
244 819
393 78
689 770
649 906
999 145
419 323
913 13
168 126
467 408
910 94
368 820
430 345
523 61
295 76
617 178
631 212
348 23
290 36
144 290
942 495
787 712
169 699
724 337
824 542
96 85
636 463
904 417
159 427
477 454
502 93
983 484
304 331
859 945
718 354
235 11
848 21
74 17
71 798
705 246
691 800
330 678
615 233
94 773
11 570
226 865
14 561
348 318
243 206
614 960
560 848
971 759
220 44
775 642
193 479
887 236
631 568
913 245
801 7
369 811
928 947
507 375
611 749
932 224
60 491
424 30
250 643
426 376
637 970
207 875
205 837
443 118
433 595
476 153
757 403
99 784
696 957
158 306
57 89
530 117
932 953
498 533
947 275
908 583
245 466
458 449
654 252
918 86
846 745
591 602
148 689
385 843
998 542
501 54
983 30
522 914
334 20
446 280
646 705
171 24
691 824
275 960
262 120
705 852
721 852
892 458
46 241
999 546
647 981
927 168
246 260
539 43
892 185
748 106
426 270
481 116
445 107
76 706
226 780
909 298
983 153
755 28
393 106
926 39
438 852
559 36
112 97
78 3
633 825
460 59
446 292
526 891
398 601
948 975
732 857
272 714
9 379
94 753
836 19
792 625
222 350
660 333
798 738
687 783
914 498
841 360
789 366
250 538
319 197
512 50
405 136
116 413
514 561
166 701
931 309
325 152
10 985
837 159
722 875
941 635
373 133
346 513
851 595
51 169
144 562
570 548
697 37
313 562
597 830
262 527
490 939
31 499
923 867
9 996
741 950
982 465
82 328
330 932
274 732
452 417
293 374
317 342
410 629
255 7
810 869
885 299
807 915
149 81
133 157
76 226
106 57
42 540
384 371
823 10
102 627
426 747
1000 94
440 409
722 694
767 883
914 4
181 720
270 681
800 403
838 227
628 295
284 669
186 19
392 9
28 845
635 806
591 986
899 30
746 973
76 513
855 989
868 388
61 137
68 212
539 905
439 518
552 74
539 737
444 930
97 472
774 83
629 717
68 527
98 814
499 525
678 706
866 545
93 278
681 160
489 572
417 279
441 968
704 331
56 148
260 153
971 386
235 599
454 303
477 551
468 328
428 145
33 293
689 477
570 721
988 410
644 756
689 437
75 392
767 131
891 379
283 861
116 869
811 569
171 640
471 638
967 898
134 351
190 174
179 111
895 166
521 890
274 209
326 348
952 445
478 195
823 112
55 938
981 218
506 503
857 328
493 175
226 626
877 767
800 55
878 46
572 398
287 845
958 613
193 261
57 670
455 231
134 862
168 114
431 25
968 639
352 460
813 577
86 689
344 237
95 573
282 666
322 920
511 279
532 703
891 940
724 698
170 209
911 689
674 341
713 642
979 65
101 143
993 538
183 688
774 277
260 407
942 581
327 804
211 210
858 454
502 934
151 23
142 61
712 816
753 776
457 731
192 909
873 185
447 407
872 572
683 484
979 976
416 657
780 979
866 637
432 367
570 934
994 453
879 746
228 687
828 420
595 52
956 393
458 179
965 140
662 295
115 78
951 246
408 168
235 839
887 156
772 628
219 117
80 449
214 659
487 41
430 434
444 737
826 901
916 142
392 577
436 858
6 738
104 413
906 338
603 792
845 374
771 64
842 850
864 55
860 351
95 642
784 538
378 961
790 293
455 181
222 890
39 579
980 494
344 885
183 946
28 27
672 798
442 513
999 306
568 210
8 14
851 143
904 229
455 693
873 909
151 264
673 130
109 368
366 291
313 393
669 336
542 111
849 892
768 768
101 775
781 952
917 36
532 723
729 404
632 954
850 782
569 874
911 29
241 628
319 553
372 339
241 913
449 89
804 216
856 256
342 988
207 610
24 90
333 104
494 964
409 343
97 977
216 7
357 456
986 675
360 357
13 600
269 814
40 424
381 247
679 723
587 238
332 962
327 664
65 172
979 473
866 75
801 81
433 157
888 418
183 600
774 547
551 394
360 591
169 93
189 200
815 775
789 498
736 115
162 152
639 492
976 504
567 776
937 351
284 824
769 818
775 894
365 326
640 76
268 808
168 808
7 334
583 147
832 670
262 345
174 252
836 149
755 754
277 43
105 912
867 225
730 993
118 446
318 757
873 937
917 393
745 275
726 679
422 557
700 35
253 873
286 89
374 392
194 650
435 298
913 653
874 642
997 344
439 315
452 312
603 368
704 347
995 429
450 942
301 87
382 674
675 616
225 588
620 99
581 617
442 20
283 893
331 885
613 386
584 607
814 960
22 503
36 823
445 689
261 826
362 442
753 389
58 978
328 677
428 908
645 869
279 927
113 961
812 77
346 395
683 512
354 56
366 742
230 810
430 842
988 143
284 740
883 693
69 210
369 496
470 14
716 748
940 181
61 103
257 406
497 940
917 203
347 635
296 577
444 77
418 783
219 701
875 102
393 943
311 114
791 132
479 506
880 770
686 292
225 295
697 721
234 966
275 932
600 570
508 395
646 278
178 217
330 404
670 75
698 332
188 488
464 18
346 695
139 383
986 363
677 34
436 262
999 710
194 950
632 701
345 629
978 874
197 308
629 866
382 326
198 921
814 661
290 159
355 428
893 692
791 570
725 226
831 724
287 24
25 918
77 721
899 406
594 95
65 222
961 798
900 510
70 713
170 359
223 876
787 115
919 929
684 643
154 867
718 440
242 743
710 318
463 608
724 409
54 140
982 14
938 881
875 7
945 44
366 167
271 504
634 189
432 669
184 937
887 901
376 129
995 437
446 810
44 521
570 98
661 551
463 950
784 338
956 728
733 673
247 356
528 232
896 959
900 79
895 787
332 623
915 678
59 712
839 455
585 408
552 597
311 366
546 94
55 853
821 140
878 419
495 405
650 742
364 550
173 610
688 504
232 954
533 643
665 372
97 601
131 1000
197 441
365 742
534 772
947 707
911 824
125 757
228 775
498 943
676 670
905 363
525 136
668 410
778 684
781 226
285 263
225 481
704 942
575 237
713 521
943 975
696 420
731 923
194 580
218 221
250 122
935 126
609 602
535 739
285 667
964 569
930 189
50 633
130 976
221 194
496 164
168 191
935 250
465 128
829 34
700 430
155 634
556 116
587 90
854 871
757 169
792 686
709 193
670 190
168 890
735 15
405 902
557 339
503 21
818 332
407 517
113 561
502 668
28 88
110 233
311 218
754 102
255 462
646 924
4 165
813 738
179 570
640 735
908 494
107 78
825 513
594 938
426 448
957 453
887 66
38 197
283 791
650 537
604 647
812 607
811 625
345 989
546 984
75 453
829 182
530 654
46 476
943 471
275 899
276 161
317 665
710 599
455 359
488 58
6 299
665 168
275 361
157 820
696 231
625 524
764 506
177 810
333 471
632 607
722 907
120 38
923 829
988 377
539 475
787 896
126 803
64 400
163 220
572 858
802 196
381 566
701 910
727 34
380 358
992 101
617 111
490 539
291 478
268 830
304 54
725 429
856 788
829 370
359 400
227 513
947 959
78 647
868 156
32 248
513 376
700 129
838 190
20 129
19 287
958 322
340 34
751 547
174 931
268 532
682 494
396 628
452 825
626 672
980 10
919 493
385 970
973 222
511 344
350 529
630 659
203 321
693 953
219 866
235 486
749 916
331 145
895 135
969 520
806 301
529 76
793 265
45 117
487 908
813 188
788 442
199 990
115 891
294 333
108 528
171 208
795 853
352 689
987 673
561 792
973 441
706 616
585 544
523 397
83 310
191 281
300 305
523 593
989 630
473 511
190 619
364 893
660 350
565 220
494 889
12 712
357 717
679 942
612 201
690 47
863 880
327 514
536 202
458 525
831 930
35 372
901 750
265 560
100 181
779 945
70 790
8 426
859 687
719 822
239 409
868 101
640 547
966 176
748 424
52 930
705 438
302 605
188 566
164 639
746 294
935 167
84 942
945 294
980 663
467 219
423 335
671 63
233 637
590 980
412 641
261 116
430 562
73 617
479 236
607 577
530 541
743 965
835 687
610 814
702 76
384 476
762 407
890 346
395 479
325 806
471 938
273 901
499 345
869 330
581 828
906 462
720 1000
778 554
39 387
720 740
814 455
567 576
861 457
921 255
935 598
412 758
887 685
10 385
29 230
66 961
57 971
422 777
323 199
682 361
937 753
452 751
208 18
678 68
474 950
675 761
899 86
518 785
122 879
522 151
108 587
463 517
910 237
645 232
787 678
944 724
431 395
474 638
412 503
57 886
452 83
998 703
169 867
487 642
745 8
144 204
947 607
720 856
843 716
439 629
394 382
704 824
776 529
461 539
31 869
776 835
952 773
537 472
639 23
113 735
383 257
215 10
536 409
726 974
389 119
707 93
942 482
973 754
372 4
974 148
190 925
920 78
748 911
452 861
645 834
469 935
945 49
443 670
374 831
788 80
275 81
913 248
834 285
251 807
784 792
84 55
869 831
965 320
43 962
154 511
896 19
545 840
420 987
861 793
170 648
225 444
80 137
691 265
773 941
424 908
84 507
963 952
689 279
272 732
240 777
242 136
147 139
327 566
477 188
359 646
187 583
90 619
71 780
883 196
73 306
455 156
812 417
460 853
696 83
584 935
859 177
422 5
315 101
571 144
640 281
789 178
215 230
796 637
10 679
832 434
336 287
589 500
55 400
352 750
482 935
37 692
463 810
49 130
262 971
273 253
251 413
431 817
643 578
453 652
608 637
85 944
923 25
443 329
777 146
431 258
432 467
950 894
628 350
23 242
320 647
494 570
60 924
386 702
854 190
705 461
826 141
404 100
165 198
429 293
695 859
551 126
677 852
20 656
201 394
897 520
41 391
441 452
666 178
153 519
367 857
332 193
349 87
644 513
285 72
806 979
282 708
457 958
559 476
614 111
221 862
982 613
252 774
64 270
951 568
140 669
776 471
213 124
558 857
989 842
280 794
172 562
853 628
519 763
455 484
225 28
698 206
640 301
979 704
570 281
271 710
949 399
180 514
522 737
370 510
930 649
655 454
210 507
433 81
621 240
916 845
267 613
50 906
914 28
961 835
308 584
544 609
982 76
122 503
812 491
13 94
491 667
547 53
526 331
485 146
570 400
991 836
365 40
94 630
420 406
464 79
989 8
687 322
83 160
177 246
2 189
339 493
207 237
897 84
568 381
230 489
780 572
677 496
963 770
125 382
527 589
813 868
596 851
189 30
11 365
627 12
905 966
504 464
554 400
547 473
132 128
962 912
407 662
759 532
395 285
472 207
152 419
410 341
448 420
57 74
431 314
391 287
777 297
38 675
769 170
803 730
81 853
367 839
514 125
722 261
762 545
819 913
963 228
605 410
647 662
836 78
975 578
716 103
874 753
777 643
922 931
724 354
784 443
545 649
919 618
909 680
163 728
593 125
955 197
887 954
210 722
383 184
651 98
638 525
850 415
519 124
697 242
477 480
36 21
129 955
639 37
634 801
116 226
925 423
775 811
376 984
884 758
520 887
855 157
763 56
923 281
179 620
874 8
451 910
28 579
216 18
968 849
818 83
427 95
505 201
257 232
536 493
341 55
379 195
564 141
603 486
773 133
457 998
140 908
259 168
838 474
537 805
675 355
240 101
801 96
653 409
680 188
901 20
243 631
567 806
123 169
643 247
301 452
597 793
359 855
960 548
681 848
705 355
202 296
807 354
391 459
763 70
646 15
90 888
998 8
45 472
176 40
719 828
620 201
521 931
748 553
779 452
907 332
747 713
38 490
171 152
911 169
166 352
408 515
359 453
987 886
492 57
714 334
723 685
534 595
968 633
148 746
85 406
429 183
471 466
24 993
617 935
161 135
286 569
649 997
373 987
882 216
395 595
549 117
632 434
66 211
344 502
968 124
685 438
590 708
783 558
994 943
692 632
863 693
628 235
31 509
802 426
104 702
894 735
135 605
333 201
167 28
702 135
151 738
924 92
798 706
2 791
649 45
422 863
89 49
450 120
910 251
897 13
953 790
99 439
747 783
639 913
162 693
399 664
782 323
108 579
28 109
722 28
153 495
891 242
896 340
713 805
942 609
169 246
398 619
685 496
753 323
409 914
367 159
929 149
481 36
79 509
496 800
888 649
647 778
242 542
469 954
346 411
914 866
656 311
484 340
159 236
15 567
501 733
233 558
817 312
418 312
463 305
312 109
83 905
2 903
210 347
313 123
564 321
786 47
12 944
862 134
111 938
915 343
495 83
6 912
394 469
569 58
929 651
905 524
629 570
646 193
890 783
591 253
726 225
631 939
710 741
877 624
435 371
706 441
635 452
261 203
861 189
205 174
471 109
697 100
678 695
644 919
829 234
172 555
810 802
493 520
894 721
495 680
444 553
472 78
356 732
632 216
273 836
741 95
296 790
546 326
836 189
244 664
775 767
570 936
920 415
807 813
135 302
845 578
206 316
7 561
48 638
128 672
473 220
766 121
9 312
446 196
852 41
860 626
808 429
562 727
843 368
892 330
21 736
907 578
51 266
490 450
903 617
121 728
189 887
848 549
550 293
745 401
685 956
27 492
736 940
571 931
659 462
260 32
549 518
609 599
783 99
401 686
67 521
413 255
759 612
156 308
256 900
709 940
855 87
784 590
378 354
520 388
167 131
419 715
649 380
665 431
478 65
468 896
586 232
151 696
195 306
4 450
557 64
742 763
502 525
704 879
878 576
266 396
706 37
110 706
416 774
137 245
839 956
140 776
540 642
471 734
299 826
536 207
889 277
969 742
801 673
620 30
248 238
425 305
626 886
11 41
659 499
637 849
454 776
976 345
770 447
79 68
272 614
275 513
890 595
254 42
267 226
423 866
815 199
523 792
84 533
184 94
31 820
295 836
947 270
181 716
68 611
136 692
224 410
204 465
356 809
858 623
386 632
840 552
343 265
246 526
697 356
816 644
626 348
359 45
958 494
736 533
255 939
349 611
100 206
585 837
189 776
389 18
490 83
634 735
961 695
715 657
51 530
300 28
877 11
72 186
504 808
718 111
98 418
73 549
623 657
386 811
784 126
180 273
560 165
360 520
859 426
177 909
955 828
288 183
838 360
368 694
519 437
156 616
854 228
165 828
236 902
990 19
379 169
644 938
685 355
458 543
780 986
804 734
165 91
268 3
802 635
48 320
71 203
288 924
782 804
103 17
705 92
35 83
612 30
372 296
384 829
838 163
166 993
248 331
436 515
685 589
501 732
261 571
286 548
846 67
703 948
83 759
391 469
841 2
499 564
297 234
393 487
749 910
831 996
240 266
863 276
207 363
7 467
286 292
366 483
358 68
783 792
826 173
261 18
175 111
581 823
344 325
309 92
235 140
440 826
757 302
102 963
664 460
781 301
104 146
784 461
213 566
605 390
738 217
407 264
327 340
87 22
664 395
466 250
886 257
428 995
558 881
957 573
340 738
874 443
235 9
256 800
574 212
189 663
428 948
279 754
287 365
127 302
111 944
552 349
200 331
343 757
211 299
682 902
388 907
697 623
915 304
422 488
515 962
502 942
909 780
47 195
144 525
497 607
469 400
955 20
730 297
777 292
947 810
193 687
716 241
309 630
544 82
469 58
395 322
351 304
102 749
498 597
274 346
555 94
97 509
113 826
157 241
469 104
50 662
790 117
902 450
98 446
883 918
855 277
240 558
932 693
306 782
641 931
127 548
376 224
56 489
401 565
81 870
20 483
883 809
599 784
610 49
581 844
966 788
472 557
697 404
601 2
185 594
285 663
141 660
500 639
112 581
860 131
63 742
291 13
877 252
61 458
95 379
597 567
287 293
322 888
646 858
833 930
520 973
942 758
872 441
748 336
373 607
818 787
348 109
800 224
712 212
33 807
942 981
725 229
273 398
468 271
255 300
200 774
624 493
883 495
286 630
182 658
236 1000
445 583
108 596
159 819
807 543
977 101
524 53
329 796
450 148
418 56
799 970
182 774
462 64
620 747
694 802
757 281
801 201
216 260
796 374
430 954
916 759
406 439
811 86
587 613
233 4
668 383
973 201
156 787
265 776
885 310
577 641
590 729
841 805
988 988
530 417
294 798
175 699
236 338
785 174
302 369
530 321
752 854
522 259
640 786
34 525
95 962
517 684
690 358
841 29
697 370
798 342
167 972
393 755
661 529
280 962
897 809
283 1000
15 804
259 6
941 644
882 35
958 399
70 999
108 262
28 156
632 825
498 150
148 890
256 809
770 536
770 666
696 404
18 62
559 276
68 499
271 301
885 228
699 307
227 806
568 606
314 551
430 811
53 577
52 308
737 821
195 859
838 243
262 207
304 173
834 723
671 105
24 556
332 722
214 910
880 781
515 193
332 944
355 384
873 758
43 961
930 238
819 119
480 433
326 135
605 159
858 627
534 299
306 747
208 537
528 723
81 211
18 435
594 242
544 988
555 825
225 725
944 56
157 621
543 113
131 752
92 746
984 625
44 289
724 251
826 603
325 258
813 695
693 758
288 588
745 842
413 322
567 356
729 75
328 271
540 458
22 631
203 357
607 246
998 330
849 175
284 525
432 448
571 476
205 859
64 302
52 476
975 970
183 703
45 510
326 936
319 699
566 522
56 524
119 53
206 319
579 489
844 10
937 414
624 549
146 28
376 120
997 910
175 393
771 852
328 89
550 245
962 605
769 433
9 974
751 587
814 594
597 102
360 434
595 335
334 92
714 61
564 711
970 738
455 92
589 135
180 490
379 494
95 499
926 455
42 638
622 990
739 333
775 685
19 108
777 733
168 340
795 489
429 249
580 369
735 111
858 114
956 304
964 881
759 788
909 152
777 530
493 867
214 267
552 232
374 680
316 893
371 110
381 151
711 312
871 445
422 80
910 378
736 874
610 494
13 518
997 789
399 489
7 964
755 910
548 480
589 863
724 311
325 104
813 35
767 683
831 540
115 741
269 850
966 879
343 978
748 691
118 147
179 124
110 285
34 657
116 974
872 839
637 196
294 449
582 60
484 412
599 598
504 868
447 469
98 141
798 845
831 915
343 361
391 453
997 776
461 112
101 684
302 737
231 595
186 812
6 669
576 604
618 79
823 64
900 272
204 697
117 386
964 459
746 354
263 742
481 76
205 581
759 506
318 990
100 855
153 105
875 80
60 492
511 235
907 410
506 110
458 974
847 421
433 592
126 695
685 606
770 889
187 881
746 856
222 197
710 374
301 584
454 712
427 964
298 333
725 156
794 182
129 640
955 561
231 80
608 267
38 729
507 224
609 252
431 830
448 140
204 100
75 9
163 501
324 461
185 48
616 978
229 744
617 535
657 199
615 264
465 4
992 323
579 953
574 9
782 373
148 337
824 574
345 338
426 668
798 610
715 765
587 296
861 555
830 869
753 796
484 569
799 475
891 729
427 816
737 561
540 236
897 363
809 594
700 234
261 850
843 328
966 781
975 178
46 87
304 529
7 454
356 897
183 134
64 919
694 603
155 943
317 963
536 369
549 148
218 743
827 535
524 153
713 210
309 110
649 612
991 655
417 698
831 967
518 877
922 24
171 238
338 706
606 886
205 175
629 32
710 504
184 774
713 844
235 361
807 225
16 224
922 919
822 105
237 339
981 158
714 503
748 52
208 705
937 412
232 917
795 941
420 331
66 133
174 300
845 981
877 860
204 150
130 377
254 719
68 586
876 781
88 975
832 647
680 769
411 911
37 205
203 457
535 620
941 61
271 785
41 147
645 596
297 126
972 550
844 39
488 72
820 575
46 3
574 77
771 984
339 160
188 893
616 75
864 556
135 135
692 527
281 688
122 929
814 445
831 9
836 318
80 655
244 478
9 817
906 132
800 597
291 340
489 906
414 353
813 900
839 504
426 471
192 899
400 357
695 230
365 530
899 797
536 494
274 545
311 179
676 462
775 966
153 616
223 566
320 387
817 158
890 594
628 433
492 379
141 187
608 858
68 858
654 604
352 927
148 662
457 175
475 584
140 628
199 362
545 870
100 362
379 989
955 6
774 799
737 266
337 344
123 404
554 776
7 905
702 506
918 511
680 392
94 819
371 292
532 916
513 631
629 891
972 583
248 97
733 984
362 69
680 837
473 233
612 479
137 666
985 54
176 16
797 269
835 168
912 718
435 424
701 63
314 24
997 561
120 730
897 833
798 576
669 622
160 281
101 296
298 437
701 473
452 849
93 638
16 4
708 450
427 408
864 92
431 861
4 902
590 900
86 739
827 755
361 986
387 813
633 684
249 685
508 52
534 600
42 901
955 749
703 381
508 566
824 290
426 179
191 367
431 628
106 257
382 818
595 120
630 579
155 230
264 14
281 149
613 674
401 567
422 103
299 929
21 474
218 798
653 760
165 83
388 622
691 121
439 285
593 420
864 747
649 479
761 281
979 725
955 379
644 376
834 294
657 854
768 226
3 772
986 167
206 725
140 896
845 930
533 437
349 396
536 997
226 648
630 556
372 584
286 367
311 119
661 319
324 780
545 327
903 882
845 108
606 985
3 450
266 535
239 615
282 774
963 859
421 592
414 144
527 700
863 190
170 875
860 494
654 404
172 556
285 368
15 242
704 17
692 970
552 282
584 185
55 898
44 827
842 457
322 720
508 184
261 678
58 121
523 63
524 46
970 161
413 984
402 469
1 445
438 904
726 373
88 132
622 483
958 463
292 632
183 799
815 443
828 225
915 702
287 439
747 609
951 512
592 704
501 769
199 578
493 639
710 114
121 19
929 764
650 463
563 817
905 742
41 172
444 679
610 542
639 912
405 583
967 736
878 467
856 77
45 348
67 106
814 539
476 742
303 478
204 217
294 460
958 686
631 753
716 592
647 355
503 51
289 470
139 166
288 994
594 332
694 660
789 507
551 265
248 853
742 451
421 387
910 730
424 541
835 139
132 481
845 987
531 133
808 21
651 95
15 244
779 708
904 567
214 806
183 813
10 276
263 430
662 524
511 437
416 345
928 900
825 772
886 708
257 45
728 907
139 94
502 269
801 757
188 366
562 370
178 571
998 792
352 11
668 863
448 83
207 375
982 384
498 219
91 106
263 170
364 754
264 866
22 416
622 209
134 184
931 663
106 928
807 458
938 474
672 737
556 878
111 890
613 961
108 703
66 723
225 430
476 488
647 497
255 268
58 388
803 988
403 909
915 209
718 204
682 389
941 589
618 51
478 231
363 938
285 429
660 509
210 135
348 856
983 603
475 40
342 278
27 744
538 293
952 255
497 633
574 612
839 51
842 202
988 127
982 999
635 543
133 335
750 468
937 224
507 278
374 742
826 325
348 674
310 342
110 883
306 301
285 147
854 625
625 835
623 612
377 108
946 478
575 882
53 433
511 906
966 884
999 144
561 347
169 870
40 631
104 345
931 388
844 784
364 468
970 987
79 698
446 376
175 20
257 227
452 120
484 770
355 483
265 915
181 433
136 220
63 591
917 345
979 760
480 342
227 449
680 658
146 125
33 320
496 642
547 300
761 382
69 467
864 685
382 44
469 869
616 532
460 532
228 790
643 708
483 221
156 515
878 302
639 263
973 487
904 871
786 16
253 206
834 468
890 567
512 358
436 479
241 247
362 469
528 870
224 683
384 454
336 375
716 661
861 971
531 998
338 135
203 171
603 444
738 466
153 525
944 394
771 305
214 158
660 741
27 235
775 763
688 463
137 755
77 5
346 414
492 900
937 94
343 26
559 495
550 854
240 672
510 453
829 169
545 207
403 672
969 443
486 457
197 960
157 274
964 854
39 455
753 975
900 447
352 810
942 901
663 533
572 172
338 752
692 882
959 95
905 279
537 390
88 85
349 244
710 665
98 749
471 850
75 723
297 427
532 590
327 195
122 251
718 459
2 410
693 960
856 949
591 744
339 678
828 39
921 538
55 18
286 878
220 712
600 868
138 483
809 817
29 930
67 747
741 420
508 433
732 363
381 322
106 71
999 285
462 271
822 516
641 459
745 212
523 344
79 660
827 887
476 207
168 894
953 908
314 812
692 397
526 425
718 983
495 68
268 308
338 441
824 978
252 920
541 774
264 619
433 442
857 261
648 377
506 953
636 171
764 328
567 290
104 284
272 598
703 891
906 41
332 81
370 583
1000 911
708 615
881 140
408 90
752 408
466 258
712 453
780 827
780 347
468 235
982 92
833 685
982 90
77 665
522 798
599 873
60 306
840 941
798 247
382 549
6 199
158 717
651 290
544 783
636 11
17 969
454 201
653 436
290 81
452 163
879 51
36 290
356 875
230 505
473 963
406 479
161 563
195 164
852 90
946 839
453 314
808 906
515 812
693 156
893 145
319 123
195 706
412 902
932 994
407 404
308 812
882 469
726 429
632 930
870 929
120 322
242 927
580 756
91 272
264 335
416 582
809 962
639 220
216 570
565 622
973 873
785 207
693 862
987 676
143 856
956 263
530 197
541 109
305 631
732 568
965 148
501 773
461 139
345 676
60 909
649 384
133 785
942 177
647 928
852 789
136 807
403 17
356 944
125 660
574 208
579 891
707 79
663 168
569 7
843 980
268 844
363 752
628 305
929 626
584 132
767 719
291 169
735 646
112 211
657 38
419 587
928 125
17 590
644 585
949 839
564 568
682 278
671 661
582 951
639 166
83 405
236 725
925 323
722 389
533 378
426 303
964 353
780 980
294 775
916 594
613 831
161 646
108 184
659 42
134 297
559 568
53 794
292 977
116 13
717 1
742 142
655 705
846 786
36 140
561 303
733 525
133 246
171 593
429 829
986 562
477 544
130 529
689 773
857 157
786 574
509 879
67 515
584 913
301 971
274 136
737 758
733 259
702 161
439 39
75 915
934 556
795 623
328 652
131 465
577 991
344 643
505 279
907 157
601 310
369 874
798 458
984 530
716 37
43 155
76 117
69 9
24 864
983 351
867 465
168 443
455 863
437 960
141 696
116 741
5 837
967 802
294 302
684 9
338 726
515 765
194 936
126 217
151 108
567 17
925 86
811 379
948 599
690 88
294 158
181 651
994 499
804 287
800 487
647 489
564 162
254 757
449 731
973 599
190 892
967 114
977 129
493 277
79 534
716 725
691 896
375 684
746 178
322 545
386 580
482 991
337 282
721 309
880 910
552 198
376 881
678 868
157 756
753 872
480 444
120 854
479 865
384 801
762 400
769 147
331 602
489 667
883 209
328 114
470 231
663 845
111 340
64 267
447 817
491 927
612 610
132 90
826 867
890 587
618 10
85 949
963 925
615 845
133 294
310 955
525 972
799 635
663 863
254 110
31 744
388 642
705 519
731 530
738 621
469 355
982 905
303 945
830 918
141 314
563 451
268 87
774 67
74 789
281 327
250 311
70 637
952 126
507 34
655 244
6 475
599 988
380 901
284 561
170 424
874 733
226 142
171 352
208 244
140 840
922 389
150 343
377 453
468 883
838 123
127 844
949 725
183 328
977 466
240 147
889 114
231 467
255 401
818 814
997 309
653 918
49 802
261 777
606 728
659 443
202 137
638 503
213 820
182 190
637 422
688 878
344 789
670 513
602 18
173 606
288 221
407 548
349 364
627 7
158 181
144 796
683 356
967 864
897 604
285 584
481 171
959 875
688 912
244 860
517 531
432 275
430 780
990 57
138 148
589 281
943 623
989 909
486 237
512 123
173 344
645 377
519 604
251 206
867 495
417 736
377 200
10 807
979 1000
863 469
499 803
101 441
425 89
701 262
678 213
736 850
908 381
226 427
984 829
984 202
675 401
937 51
600 299
857 931
650 719
751 148
873 851
588 297
292 640
559 969
204 294
818 112
674 395
538 9
223 521
563 897
273 499
948 225
149 804
507 798
875 257
945 747
107 884
44 750
524 954
718 727
599 887
190 273
282 727
633 856
600 195
105 224
46 52
448 194
207 954
992 433
562 288
180 21
524 575
770 399
880 840
125 478
726 667
102 359
393 87
567 344
281 671
568 678
74 15
872 280
321 215
65 234
502 596
254 25
522 376
423 401
215 900
230 292
566 332
3 310
418 569
654 50
239 573
728 664
939 951
295 259
165 359
845 18
954 450
395 475
825 817
227 391
68 457
683 985
140 37
295 909
605 300
958 195
224 37
858 162
339 504
421 503
863 617
521 168
66 915
643 243
83 869
633 503
677 667
487 816
703 133
724 659
784 34
205 7
70 414
169 409
918 941
263 780
557 135
947 974
401 941
216 836
162 201
338 838
867 176
6 922
309 729
580 444
114 137
451 184
550 971
944 467
911 558
598 819
45 897
144 445
189 360
280 350
560 969
540 778
145 545
699 805
625 631
600 739
767 50
274 316
372 569
135 634
478 732
452 522
980 596
967 169
307 598
518 218
567 409
995 63
305 694
219 930
676 818
20 442
220 293
109 591
213 243
225 690
327 28
212 306
975 530
474 633
479 344
850 397
752 845
459 57
890 29
338 565
847 357
358 66
1 466
8 565
61 584
254 387
964 817
692 290
698 166
923 177
861 124
573 612
968 384
20 209
412 357
125 258
65 834
675 417
652 683
981 712
618 587
98 581
755 141
223 453
306 145
981 166
268 553
130 588
936 149
148 348
858 625
605 274
458 632
43 109
314 375
820 283
961 269
216 68
410 438
872 67
582 852
585 201
404 66
140 692
566 288
39 423
264 995
49 721
626 91
182 291
465 1
926 778
622 141
197 383
578 68
801 159
919 385
711 674
802 203
365 368
842 755
142 105
102 190
825 727
632 6
370 449
359 295
226 332
435 422
714 12
841 514
522 111
251 584
784 404
786 501
771 627
607 265
731 708
806 908
787 438
913 156
886 623
450 463
954 236
236 19
599 428
885 120
538 487
703 673
890 841
173 13
467 132
277 198
839 82
105 625
871 369
780 108
992 581
922 297
168 509
668 766
936 904
237 473
390 292
498 631
132 22
995 598
153 623
147 992
705 251
968 927
972 748
387 315
680 308
611 200
169 630
965 104
533 202
929 274
845 426
257 976
447 251
573 952
874 72
943 930
322 910
856 293
9 594
607 41
902 570
240 70
551 204
525 84
757 453
230 965
928 29
216 853
980 89
924 274
370 597
183 225
242 544
171 200
584 72
769 175
493 672
378 369
107 487
174 815
439 403
780 719
783 347
571 762
435 846
35 804
442 570
380 683
465 550
883 48
973 3
222 817
674 951
186 132
789 711
947 580
113 726
298 896
424 868
9 210
65 396
365 506
317 744
189 781
646 423
180 970
777 401
139 803
703 676
934 844
386 880
423 498
957 720
745 380
939 106
589 3
501 953
860 817
49 400
597 46
822 776
367 951
528 505
753 582
180 686
425 565
566 199
415 874
270 511
606 560
616 194
562 468
499 774
636 899
173 584
296 347
359 662
297 238
519 49
172 50
86 948
615 3
147 381
877 416
243 834
328 211
27 241
678 877
14 314
127 187
249 422
885 608
436 181
197 954
581 720
3 18
668 969
21 166
701 249
933 944
82 260
506 460
501 183
689 514
848 815
52 97
589 936
56 24
468 604
329 400
324 683
418 343
4 790
508 56
38 440
351 471
700 856
930 200
391 618
65 590
785 117
38 373
404 445
748 224
49 428
623 724
110 392
66 113
181 925
521 570
716 871
40 415
727 970
966 117
939 383
706 75
851 744
447 254
188 546
477 588
973 452
663 435
843 80
899 24
4 419
945 720
290 985
486 16
306 804
132 244
186 189
319 388
932 117
641 472
15 470
411 987
273 74
773 115
153 672
490 157
90 435
228 379
419 713
394 724
868 877
319 405
418 989
792 349
458 433
172 472
254 583
810 526
656 583
992 808
606 482
316 695
268 543
74 38
608 819
113 475
48 783
880 465
772 671
165 229
455 689
52 60
271 213
937 278
147 929
437 752
762 753
447 29
295 872
418 254
42 530
729 89
312 960
905 435
982 422
15 789
110 66
848 732
631 785
9 777
65 445
529 826
197 975
206 844
198 623
97 239
504 177
680 167
488 936
602 470
357 968
258 466
386 457
549 16
792 305
354 320
482 550
646 687
745 843
661 194
434 164
370 113
683 210
48 636
679 405
603 936
222 988
392 771
355 985
679 147
641 32
818 123
934 816
809 678
10 822
871 443
337 593
555 19
802 955
654 832
711 257
119 284
596 862
54 951
846 733
449 839
116 266
961 49
433 121
727 443
294 949
885 631
893 792
649 46
98 303
229 808
911 347
91 858
209 497
808 406
581 608
596 696
226 556
745 658
29 823
100 322
123 337
304 368
480 953
765 577
607 994
736 869
340 826
726 900
674 886
306 254
493 901
302 718
809 46
728 189
220 827
862 694
515 166
61 994
470 826
922 76
819 657
944 158
835 21
410 508
906 715
114 399
967 415
468 127
812 195
315 31
374 529
724 240
694 137
586 163
962 507
590 780
516 533
289 350
553 698
209 811
764 322
561 83
736 28
209 547
575 876
929 300
404 5
539 449
141 124
963 102
983 552
233 498
436 873
199 340
923 407
150 38
81 710
120 168
90 681
715 16
556 995
315 311
999 853
759 139
329 73
592 311
976 176
160 763
49 710
102 323
360 548
665 480
716 754
160 782
769 67
776 435
377 127
640 487
617 968
911 209
630 886
736 141
648 784
850 101
106 317
704 818
297 932
474 808
713 595
874 840
29 602
318 668
88 935
987 998
495 616
235 230
756 882
366 957
982 823
274 38
640 490
758 288
773 231
95 837
177 320
676 206
921 994
225 8
280 212
357 774
179 591
355 287
824 72
243 158
895 868
547 886
709 304
174 481
534 620
317 711
940 345
268 860
690 492
220 969
55 576
94 234
519 800
520 694
872 114
203 118
982 749
3 690
52 528
523 938
148 191
1000 87
535 267
298 576
110 517
896 165
445 989
750 315
141 621
8 12
734 211
129 67
959 483
757 11
11 631
300 158
821 299
596 708
565 893
283 26
410 179
190 854
519 291
520 659
911 527
22 645
89 502
711 48
985 819
410 995
801 709
504 622
359 99
329 923
991 611
948 400
141 490
605 660
780 124
318 43
3 692
687 91
193 749
490 177
920 899
523 720
959 26
341 317
124 21
591 467
984 891
866 124
380 823
135 511
298 805
553 300
496 591
743 688
692 232
865 611
483 387
330 793
765 23
462 240
395 52
706 378
294 924
854 673
746 988
536 395
792 440
47 639
383 789
327 74
20 543
36 854
281 717
647 45
91 460
285 486
511 990
215 805
913 68
829 10
408 716
757 551
508 803
190 890
591 868
315 962
410 702
168 42
418 814
87 509
273 723
346 135
64 560
291 977
980 472
338 739
539 94
641 46
896 830
287 838
49 601
152 458
302 319
500 72
484 938
580 108
660 277
594 723
188 885
51 519
708 741
257 246
186 898
292 434
79 930
271 128
531 774
937 184
92 788
255 927
77 186
34 88
462 628
163 2
864 213
520 923
305 777
168 491
26 811
924 104
741 546
583 623
672 872
806 763
659 413
42 736
598 75
175 412
54 337
413 269
902 284
191 206
60 711
48 437
521 323
541 613
221 475
346 41
6 357
805 47
444 402
474 618
165 527
955 577
148 856
861 338
413 272
48 461
709 921
783 601
533 355
75 768
246 773
160 252
129 964
650 572
717 123
189 882
650 143
810 797
486 763
294 534
806 357
954 338
712 380
457 309
504 616
560 632
931 210
555 648
684 744
881 333
238 690
481 940
712 319
702 357
204 276
710 9
984 15
346 47
746 803
356 250
770 267
233 53
828 788
700 512
883 580
196 120
621 29
411 332
347 112
40 550
739 749
910 723
115 255
121 861
409 476
462 531
743 694
583 922
481 634
433 715
565 629
835 185
657 597
869 3
709 908
904 799
9 813
873 123
419 994
335 180
469 148
710 563
842 292
485 674
925 917
389 841
897 575
25 553
171 245
907 231
153 810
30 513
974 902
635 745
895 322
924 716
469 633
630 662
276 114
336 552
383 76
392 279
650 768
184 172
13 90
403 517
252 784
29 577
37 15
321 932
336 244
999 157
228 628
818 855
94 505
406 476
580 149
106 581
269 289
105 281
731 859
797 982
642 177
558 678
191 231
961 879
826 311
35 54
291 204
908 384
709 666
211 640
166 316
221 434
957 677
66 687
535 862
668 528
38 577
159 518
459 985
180 845
38 470
48 297
853 756
314 415
396 832
731 968
265 687
644 331
373 178
544 392
705 934
320 261
514 479
130 324
463 662
168 852
131 215
500 336
323 166
750 718
997 832
685 613
870 680
943 242
209 839
985 913
772 657
525 637
487 7
960 301
668 479
152 150
693 3
485 15
520 587
84 516
418 120
129 288
799 423
881 7
613 218
271 384
874 148
372 360
506 683
660 173
161 163
322 206
517 159
572 37
745 656
552 514
775 32
801 926
807 682
284 419
251 907
155 124
54 526
835 559
209 846
8 756
926 524
912 10
153 464
524 279
847 676
556 653
709 840
72 959
746 578
82 151
103 268
61 311
113 143
32 120
250 309
996 516
806 907
525 310
722 400
941 921
76 496
573 784
335 996
743 432
573 176
582 28
444 642
338 908
784 721
28 386
382 375
901 187
633 425
849 707
177 789
627 252
284 551
387 619
547 481
50 471
657 984
498 452
625 188
359 761
260 738
146 641
464 46
828 97
822 28
155 998
816 781
601 99
331 988
69 229
468 119
700 476
102 197
927 78
736 638
838 996
375 335
636 191
380 815
639 554
842 793
551 657
925 504
108 255
491 176
484 310
646 535
786 99
83 64
177 819
701 366
814 428
701 801
618 432
968 608
985 809
400 888
818 324
391 925
930 233
452 765
542 98
299 679
196 382
743 724
552 795
90 365
574 142
517 543
573 484
150 910
645 549
797 462
224 539
738 154
771 189
918 312
286 217
343 834
950 85
909 501
231 998
217 805
491 733
347 64
569 497
973 213
397 121
26 621
659 763
774 429
303 43
92 941
611 434
774 560
870 682
412 453
32 628
257 522
713 955
937 633
803 909
845 200
29 870
172 39
984 297
467 286
339 911
226 950
861 918
33 273
370 416
252 978
937 316
284 874
948 87
134 792
638 515
13 161
553 996
457 372
282 147
634 507
448 329
858 661
246 242
933 967
657 536
296 593
852 580
818 799
18 304
943 7
818 955
167 722
951 975
93 232
121 726
90 921
407 299
581 4
540 865
323 196
400 618
141 251
549 958
50 566
261 344
572 430
298 738
152 248
64 244
831 185
322 273
457 80
571 37
83 111
253 405
306 652
375 446
255 923
756 656
841 368
999 412
798 296
502 949
896 917
453 217
350 909
296 921
297 731
31 549
487 688
553 861
486 807
136 241
462 976
608 460
739 405
107 592
705 2
509 249
80 961
465 429
222 113
349 518
843 731
67 329
419 971
190 256
777 677
496 590
652 455
49 742
212 507
334 916
509 194
516 588
154 333
368 375
797 717
245 639
799 311
967 569
633 508
824 409
184 671
998 187
126 398
929 689
904 614
956 412
807 824
351 960
156 719
687 952
787 931
942 585
593 908
506 225
768 329
985 303
1000 982
842 477
731 770
165 634
383 120
398 189
943 100
500 450
818 538
753 956
468 694
541 412
954 398
636 73
726 620
727 77
953 568
553 683
337 69
669 71
541 418
611 835
517 463
285 335
1000 389
290 820
83 182
231 388
579 219
460 657
190 186
733 495
106 638
529 442
706 197
865 246
614 827
81 131
641 717
817 641
105 458
812 539
992 394
926 922
964 737
578 154
275 663
648 380
300 528
173 5
725 389
251 690
216 683
172 856
399 988
848 855
798 11
394 789
405 671
62 368
408 640
873 34
302 872
413 601
400 585
957 476
974 559
165 541
241 689
748 991
28 948
846 825
958 239
965 714
909 27
82 668
18 306
701 671
178 465
623 577
402 579
404 727
138 568
267 730
608 366
313 566
812 271
156 777
336 416
155 417
436 524
723 488
194 252
953 816
828 354
746 583
432 235
965 110
415 37
745 728
602 556
350 757
684 685
524 190
454 959
713 528
447 258
779 751
425 958
104 171
540 887
757 41
936 73
150 350
109 246
429 710
154 130
818 189
815 694
379 620
652 443
499 450
701 629
200 477
586 655
999 477
541 756
869 476
828 371
178 289
616 606
998 121
736 168
310 902
861 688
873 864
482 371
314 534
999 513
11 936
168 9
764 708
116 632
536 296
354 713
584 970
318 933
442 405
306 664
790 178
528 272
900 841
157 898
705 167
185 872
528 948
932 995
580 467
290 933
179 873
254 848
158 48
253 609
798 910
273 940
440 800
563 339
992 719
589 696
238 773
920 765
721 203
759 652
21 401
936 551
625 542
398 782
589 2
391 738
912 663
462 239
41 805
310 629
852 547
754 123
663 826
325 773
829 697
173 764
247 798
657 997
579 597
998 969
335 261
983 363
963 796
954 356
600 263
336 452
161 89
926 823
266 251
595 94
299 120
210 546
269 866
894 847
815 243
168 501
504 502
863 818
298 168
173 897
430 861
700 590
949 626
764 567
228 359
660 526
423 98
87 316
296 901
559 815
753 414
317 615
583 614
783 756
862 564
616 914
506 916
539 269
482 118
979 494
643 808
714 418
905 152
85 553
404 995
367 156
408 683
771 991
648 905
98 862
820 65
775 325
332 313
594 166
782 572
659 776
732 724
193 636
876 278
540 279
272 907
435 32
941 557
374 589
461 471
450 280
887 576
957 218
240 550
383 21
473 393
796 204
117 341
192 992
970 731
270 593
637 704
624 930
260 349
870 72
819 671
704 57
246 660
275 485
561 9
505 33
402 652
237 870
992 428
861 313
158 482
906 147
538 881
76 149
230 297
221 400
967 276
457 212
287 83
48 847
91 904
879 844
555 115
713 899
894 573
211 52
407 468
550 944
349 977
92 578
273 664
977 591
939 785
802 225
867 849
71 958
752 950
801 658
416 866
908 310
438 471
713 196
938 614
139 286
590 231
215 214
894 544
804 185
328 957
409 195
157 832
504 260
133 656
917 548
521 177
209 311
647 273
506 584
886 645
222 827
227 436
392 472
979 195
656 659
151 417
205 659
248 708
918 380
715 187
279 588
363 840
898 9
592 350
751 813
528 977
601 920
801 579
114 456
589 617
872 793
275 119
852 545
850 567
731 481
154 93
320 403
101 783
157 44
484 260
857 12
236 809
387 396
844 976
364 715
120 991
186 972
535 387
538 265
867 43
357 186
797 809
321 305
852 804
564 60
815 152
868 97
539 607
493 382
934 856
449 53
846 986
24 380
372 913
996 239
307 352
776 103
160 96
408 364
900 971
423 66
122 643
163 661
249 655
394 182
862 842
234 708
827 610
439 199
522 435
789 829
138 564
283 650
660 690
13 911
661 787
976 134
429 138
146 29
144 540
210 6
733 796
65 560
405 855
110 278
641 898
458 779
813 741
428 472
430 792
734 442
578 710
576 359
199 721
387 695
260 949
52 345
744 116
256 500
322 365
777 963
614 235
741 426
975 520
250 756
311 983
198 240
44 773
598 595
845 985
289 457
933 340
801 28
807 56
527 128
772 655
442 385
241 534
162 215
53 763
971 715
98 520
955 141
292 904
735 488
888 375
944 172
714 744
551 872
799 77
352 570
84 793
306 324
327 820
891 731
582 213
446 31
732 752
172 375
655 258
862 895
985 806
418 698
549 969
922 700
397 273
269 480
65 927
804 743
746 694
474 327
906 271
710 989
22 881
363 28
490 224
922 474
381 340
660 445
981 56
69 601
888 485
527 43
228 272
736 53
951 993
675 660
981 48
892 695
75 733
270 349
559 651
40 434
284 699
230 264
106 298
216 993
782 743
35 361
366 122
765 668
466 439
679 798
486 922
492 561
7 762
909 565
764 948
350 47
998 579
662 103
228 877
448 9
971 834
722 689
956 486
708 773
925 739
660 62
322 18
175 582
934 290
881 283
336 230
861 349
333 88
226 132
449 548
965 170
236 272
7 944
45 283
682 615
45 693
28 718
711 555
652 644
844 532
279 532
762 139
880 446
579 105
577 379
653 893
900 240
165 906
535 209
189 568
175 585
261 202
654 323
756 305
318 952
837 596
483 950
87 362
747 17
819 323
395 823
567 294
62 731
199 949
291 739
516 465
675 128
19 329
802 126
633 120
77 821
67 911
770 505
273 516
521 443
190 915
265 757
208 678
839 759
626 130
497 142
946 524
269 316
852 423
442 836
542 870
657 960
781 778
817 405
646 337
847 835
604 111
943 811
140 134
921 766
263 770
907 560
293 527
876 144
949 669
979 842
538 987
154 670
765 970
426 410
658 272
596 261
734 891
72 874
24 992
991 638
761 897
549 405
775 424
548 76
92 879
269 982
865 422
3 981
743 429
742 401
52 338
661 138
580 84
11 603
428 353
592 540
601 140
945 375
916 844
802 359
74 71
692 291
844 695
271 587
123 13
339 526
663 281
435 25
235 214
377 178
753 977
669 49
704 584
245 505
943 318
575 634
608 771
680 231
357 802
595 47
680 296
397 342
928 183
367 514
748 95
691 501
72 359
901 127
295 145
631 589
463 558
222 422
328 902
652 36
55 598
82 734
245 830
428 524
365 146
37 112
240 79
964 663
790 865
789 84
361 772
672 823
329 245
597 656
498 600
43 905
198 476
990 442
305 417
318 669
562 354
781 154
785 744
168 574
960 957
9 321
728 32
495 408
628 91
415 126
43 457
382 240
932 371
33 588
788 702
257 701
56 389
206 840
484 374
765 444
682 125
116 409
508 610
816 135
53 230
612 95
38 993
686 969
364 70
908 503
772 164
555 179
904 761
370 740
486 134
183 167
610 650
575 117
259 742
251 311
323 863
757 712
207 442
680 570
512 587
424 635
103 979
813 358
91 182
97 576
667 631
742 276
280 668
744 891
761 994
201 83
208 958
794 767
751 825
688 614
763 112
248 217
442 60
927 532
593 375
459 259
6 200
886 637
219 629
527 979
975 80
413 534
389 558
300 491
734 340
105 496
451 352
65 244
764 991
127 708
365 585
319 722
136 204
711 354
185 589
332 511
20 96
44 408
653 696
899 386
35 355
233 837
58 649
80 821
639 206
881 356
142 199
429 277
402 139
630 938
80 313
448 99
408 492
859 60
539 109
797 925
463 29
761 520
678 192
693 668
749 573
375 890
771 156
518 524
646 147
462 725
811 909
824 570
752 682
981 642
790 777
566 604
157 326
123 186
869 167
206 617
739 932
506 861
87 23
385 733
521 198
809 683
106 632
252 210
665 232
851 806
8 417
761 517
94 884
54 963
402 259
579 141
191 437
1 629
811 737
361 684
934 170
366 392
153 618
601 170
201 803
327 561
219 88
323 130
627 724
741 557
216 931
345 569
559 156
657 272
191 591
793 556
334 297
525 934
818 78
736 497
638 307
936 66
971 258
195 949
333 287
505 901
569 202
821 480
709 477
751 899
419 895
806 752
543 683
685 361
760 773
857 397
431 144
814 401
401 360
349 85
647 205
337 215
406 157
694 114
986 796
364 404
690 170
156 585
204 192
945 963
316 153
711 746
296 524
498 48
883 198
484 529
403 173
96 160
329 141
626 666
937 341
70 978
862 577
562 65
768 858
27 84
362 89
181 657
964 679
876 892
727 630
64 174
142 744
315 119
410 251
459 479
580 321
55 142
385 174
351 764
609 713
204 790
721 168
468 777
366 695
668 92
325 731
618 466
474 932
584 235
534 394
713 113
714 119
606 451
293 957
214 253
669 417
42 741
936 861
517 301
556 536
745 232
618 362
697 444
293 632
678 826
25 743
290 91
861 896
541 505
204 106
758 872
874 151
964 810
12 481
110 567
368 854
150 986
567 198
781 859
829 458
36 205
552 678
647 413
573 187
269 776
644 378
999 518
529 314
679 540
794 140
458 514
346 607
851 912
804 631
123 984
188 992
187 187
756 111
725 24
238 369
402 588
238 930
902 268
821 47
407 278
560 752
884 410
664 39
40 786
22 832
295 561
823 834
747 578
944 472
601 534
192 354
121 781
635 22
48 455
421 454
732 980
206 967
742 221
5 133
6 378
964 652
939 786
837 37
363 133
860 316
666 51
21 786
831 656
160 878
110 932
684 194
911 889
512 4
109 869
137 466
246 100
469 536
238 306
438 432
267 455
835 640
240 665
295 751
895 756
682 578
301 945
818 165
300 278
33 436
95 630
888 563
166 125
220 738
76 657
521 695
111 355
334 703
372 980
805 618
87 839
547 388
135 364
552 434
993 936
870 87
