333
670 128
289 737
21 728
498 966
916 282
739 854
898 896
173 688
977 265
842 448
674 873
615 879
156 425
736 558
396 160
668 417
287 957
505 659
36 2
625 951
636 715
805 533
610 329
573 938
945 766
385 618
639 999
849 146
775 936
55 523
95 723
291 733
31 796
744 66
149 368
368 136
82 524
21 43
852 593
981 796
710 717
766 700
68 966
846 842
901 900
716 348
974 7
432 4
154 175
421 654
894 141
790 327
664 810
722 868
402 54
15 463
770 780
163 837
97 360
31 350
611 746
697 585
104 480
940 609
7 713
263 900
853 52
579 868
861 300
735 614
353 750
76 122
881 238
311 330
949 693
679 560
790 727
496 894
206 787
854 212
499 116
464 703
167 394
923 379
693 9
992 45
110 68
518 991
657 180
320 606
872 350
517 662
76 12
907 281
150 112
845 649
228 660
703 746
53 977
125 97
986 468
493 95
887 10
437 896
542 108
853 765
457 369
426 532
732 684
165 881
796 361
881 375
20 936
120 424
912 596
520 897
416 12
992 302
373 428
197 914
888 49
679 344
769 456
876 500
492 392
733 639
752 965
13 771
900 484
194 812
80 65
60 495
76 403
148 448
183 345
362 70
745 392
413 514
847 640
365 690
31 449
328 782
414 340
904 313
824 449
476 255
513 536
749 588
290 896
36 472
592 749
541 689
492 954
202 690
593 918
380 976
367 707
757 132
47 661
796 222
109 272
476 622
159 576
561 448
823 948
920 767
696 812
455 539
765 8
229 710
925 608
685 643
666 793
126 712
453 922
285 914
193 112
887 703
687 447
150 862
747 421
628 794
233 434
333 349
441 561
410 717
520 446
712 185
239 837
249 43
758 533
956 302
645 194
4 683
993 506
896 739
926 523
532 510
308 864
859 748
776 620
465 295
66 176
480 304
364 728
346 122
612 654
775 608
847 779
291 191
284 186
929 561
61 461
71 368
676 281
116 452
900 932
98 317
459 577
620 822
656 318
295 268
323 70
875 521
200 517
712 835
55 640
747 115
452 169
834 480
449 301
283 701
232 380
17 42
309 989
216 316
658 510
935 980
931 810
500 482
678 563
316 732
555 63
198 6
231 32
837 32
332 119
84 916
851 452
957 159
792 524
826 449
34 761
780 316
922 280
798 599
842 465
683 396
879 880
754 462
263 942
845 595
61 928
862 263
731 170
421 523
694 598
323 79
358 103
394 279
734 543
230 575
360 912
323 238
791 428
699 54
369 543
1000 781
822 861
43 553
382 815
427 75
413 749
153 770
851 899
401 584
793 630
511 152
541 185
390 683
964 440
88 332
335 439
465 508
651 507
60 33
322 838
107 86
587 260
855 789
510 255
725 302
884 587
454 776
123 195
459 86
986 898
769 320
337 233
828 987
92 239
19 765
77 126
850 15
737 704
155 598
311 231
899 546
817 704
674 291
250 132
376 236
29 497
907 717
81 86
704 172
677 722
936 753
199 785
119 287
841 625
884 503
856 135
