666
742 296
818 678
523 361
929 600
81 976
832 519
632 954
608 770
366 518
345 667
793 81
256 228
995 9
705 923
385 902
368 479
549 185
156 72
546 436
671 978
411 855
849 394
808 456
163 174
325 507
192 469
940 799
696 934
807 753
208 544
654 576
22 554
760 529
625 657
964 648
635 727
502 483
120 661
290 635
834 966
493 377
434 432
176 129
365 334
881 573
877 886
148 898
440 259
426 416
916 742
63 550
468 916
384 939
577 25
573 762
990 418
139 423
849 666
903 566
999 136
490 876
21 637
125 812
247 551
228 162
644 642
711 111
558 446
401 134
470 326
247 459
743 385
233 591
402 136
508 401
271 997
628 643
985 752
455 232
654 34
393 297
675 456
759 232
901 160
717 371
837 964
181 579
700 414
521 102
901 29
854 171
25 481
165 10
232 619
593 886
652 985
534 679
440 293
910 693
804 979
415 640
294 947
570 993
360 90
446 612
470 299
134 847
779 299
208 363
269 800
600 273
784 133
951 576
777 212
620 932
190 34
571 483
980 492
828 692
934 273
655 403
924 789
249 702
87 456
416 707
255 15
979 391
500 929
318 276
141 937
208 682
970 130
165 301
622 344
344 907
616 999
309 539
787 910
593 225
717 360
931 324
375 262
66 874
542 383
501 34
319 708
716 640
838 232
292 811
575 636
717 542
986 377
433 124
638 25
700 355
384 982
30 110
243 95
983 785
477 484
170 795
543 885
786 732
468 77
542 394
712 610
936 49
339 368
172 976
744 871
682 479
853 711
589 95
805 923
231 281
758 401
427 301
637 212
384 457
289 278
850 352
887 785
401 577
504 924
553 247
795 234
726 647
945 666
93 101
588 676
734 346
76 512
998 64
76 381
520 716
658 370
67 897
506 819
473 10
743 25
608 889
611 333
535 907
998 979
7 938
654 92
283 81
604 632
145 679
12 664
394 670
385 812
566 891
983 390
252 725
415 859
613 377
192 499
283 541
477 641
478 483
733 112
563 336
743 707
366 755
723 111
776 107
922 693
349 904
82 600
980 848
459 944
224 2
442 858
542 271
499 372
753 231
483 315
918 578
374 635
332 96
745 459
202 18
503 903
922 584
502 253
784 960
197 359
313 990
217 207
260 715
578 364
297 412
31 566
989 404
200 672
499 944
482 52
961 984
954 234
920 456
487 703
767 35
61 80
24 629
638 636
343 215
999 991
978 381
556 319
784 755
990 282
50 472
334 363
807 287
596 726
94 434
428 861
820 841
292 844
469 929
831 164
495 181
154 472
562 710
142 345
464 132
627 866
955 312
228 761
950 175
839 44
961 266
256 780
458 547
975 927
827 805
90 673
986 243
496 547
952 638
243 768
121 221
985 75
532 212
187 482
738 377
877 698
995 132
478 452
30 452
730 208
609 819
880 946
414 375
844 717
12 86
836 132
307 820
558 190
31 97
671 769
473 899
818 467
30 647
271 411
451 1000
618 59
171 497
4 584
872 847
300 235
284 488
719 590
307 276
780 690
724 802
810 549
53 627
367 82
274 637
845 724
989 462
782 159
959 137
742 182
335 393
416 618
880 486
560 539
114 691
228 837
492 37
737 896
663 104
978 288
92 174
11 432
635 144
590 945
632 683
126 966
76 894
584 307
379 143
845 492
833 72
681 676
460 417
572 123
872 901
762 316
74 773
747 60
268 689
5 900
371 482
865 446
375 800
105 106
294 949
949 478
373 629
154 832
398 77
306 621
329 68
936 754
192 35
813 459
723 169
358 445
651 575
891 25
374 347
482 668
295 431
145 19
59 650
851 808
78 508
429 758
575 716
511 766
102 676
225 176
196 934
621 846
508 863
223 234
209 704
253 503
134 749
874 545
399 724
704 828
231 132
938 158
200 800
923 301
475 499
477 23
785 449
868 292
311 90
525 519
146 777
373 631
878 246
175 276
321 879
455 552
362 392
61 561
192 335
214 18
834 42
40 618
490 260
261 800
701 138
318 846
266 42
477 143
288 3
770 608
233 577
511 595
968 571
507 511
906 72
881 91
113 272
60 954
531 320
753 584
457 422
429 75
464 257
217 103
260 987
710 844
563 573
790 882
143 297
745 400
368 625
490 833
896 549
786 779
221 891
362 677
664 142
103 479
399 320
581 10
658 643
853 220
215 643
453 709
291 197
109 10
173 950
842 421
499 980
199 71
222 912
747 885
53 850
364 803
521 296
164 178
938 369
749 152
11 201
861 653
750 969
662 922
270 856
342 768
187 892
838 408
155 937
644 560
138 359
714 10
655 878
187 592
246 287
744 608
839 956
260 588
276 273
862 545
128 555
665 666
799 854
73 953
790 69
864 279
427 578
640 81
455 826
673 700
464 768
659 303
723 918
242 998
190 103
894 670
10 558
335 808
412 760
112 553
828 976
832 254
553 471
335 7
649 359
58 464
126 716
766 200
985 8
549 526
462 442
195 471
1000 882
630 411
641 742
963 820
717 146
425 269
969 759
627 969
469 36
432 594
103 550
793 87
909 341
964 370
135 511
193 134
392 822
896 384
563 210
555 631
708 979
899 676
738 525
996 206
912 779
152 14
328 296
100 236
989 64
958 123
574 150
608 317
323 503
700 238
712 254
868 771
584 119
798 321
995 793
879 907
924 382
920 251
677 372
839 17
435 796
491 360
297 98
28 971
952 79
560 16
684 428
786 267
898 584
940 892
376 818
798 651
551 70
902 579
441 92
596 227
239 86
586 887
536 613
857 487
691 417
502 374
196 288
640 93
871 579
336 598
748 486
249 650
555 502
229 995
593 176
221 831
613 158
717 148
122 925
635 164
693 488
537 240
775 528
684 997
459 20
947 558
505 547
208 411
400 788
757 992
963 977
174 575
486 242
75 607
518 61
770 211
548 658
450 675
537 134
23 347
505 969
905 361
867 464
771 266
251 527
609 565
855 782
139 340
375 565
298 893
625 419
455 173
76 256
199 964
741 221
663 245
542 567
605 408
382 727
674 984
