1222
410 961
537 849
164 908
998 848
86 766
717 583
679 245
372 586
387 182
727 150
467 564
331 153
542 432
249 112
73 689
208 834
650 96
34 165
355 384
12 440
501 729
374 179
325 746
116 711
279 843
861 745
406 543
250 300
974 498
411 398
187 619
583 188
714 968
352 69
351 364
860 851
444 234
382 768
979 849
830 257
691 42
353 449
584 954
748 909
804 158
658 342
128 592
529 194
560 232
614 910
947 473
113 390
58 846
509 388
694 691
996 385
732 701
185 668
6 284
928 809
441 586
150 921
529 30
114 88
262 727
350 208
551 462
950 961
659 458
348 352
500 696
88 232
396 272
251 753
555 178
562 348
115 63
620 644
445 733
731 706
811 432
265 361
245 566
673 903
376 21
255 875
68 694
106 815
318 356
567 224
886 128
571 1000
543 190
995 987
274 78
44 84
509 308
797 106
874 469
8 249
841 614
475 260
308 581
74 625
288 641
848 525
120 771
525 662
312 871
1000 938
948 43
21 809
351 169
914 576
990 921
176 830
887 650
442 194
582 515
170 870
507 369
394 627
491 270
640 803
493 640
740 440
682 112
600 384
633 513
311 622
786 486
803 672
136 244
217 69
111 738
938 617
458 684
595 949
305 235
103 797
226 194
589 259
657 188
643 289
701 953
262 838
791 65
861 926
660 77
346 770
166 284
739 623
319 333
571 975
919 25
124 144
218 712
403 875
899 397
163 951
349 777
788 139
841 1000
416 852
76 762
974 593
397 712
216 67
44 138
393 963
163 516
458 732
227 212
606 478
608 121
780 309
897 920
799 89
919 215
292 347
328 265
939 76
976 154
494 372
644 886
686 806
402 143
537 980
355 495
457 314
967 589
622 863
508 421
303 426
987 594
772 666
859 711
741 186
216 234
557 859
471 242
16 872
737 905
204 91
751 12
404 717
600 378
931 107
798 233
533 136
178 656
801 388
718 541
574 286
126 482
496 948
724 512
820 812
768 375
254 518
386 9
586 986
386 516
92 535
100 976
670 277
984 470
665 701
362 590
338 839
71 834
787 146
345 958
957 464
332 210
333 717
219 918
54 956
785 146
491 884
473 160
512 808
982 528
861 343
117 198
182 540
31 320
37 727
277 994
190 960
555 522
676 125
791 730
81 927
227 571
162 51
82 674
859 63
553 719
406 22
268 939
561 299
258 597
25 886
942 215
845 849
88 872
973 231
601 53
157 179
975 319
582 57
344 792
119 896
862 876
917 129
814 829
427 423
426 452
308 719
18 152
567 457
376 540
39 976
944 548
507 919
866 88
975 561
231 93
456 92
969 725
220 134
553 647
557 330
450 216
49 819
720 967
275 95
858 314
422 802
213 928
720 78
367 46
990 949
490 445
40 810
521 260
944 74
258 852
755 707
419 803
525 138
122 151
232 979
816 6
780 28
285 851
457 4
248 446
952 738
243 992
547 763
251 842
188 508
45 943
566 464
97 442
601 570
592 185
549 760
190 680
787 474
531 596
477 130
41 429
867 635
420 766
750 22
607 937
881 652
231 798
115 680
239 67
249 182
251 797
941 440
829 80
266 711
675 742
840 67
522 707
702 293
824 803
666 430
91 546
433 322
343 547
353 933
614 601
115 216
750 407
8 578
486 273
640 512
366 479
579 888
537 632
532 360
434 198
790 524
95 574
197 790
121 549
722 86
502 836
653 603
243 660
532 80
932 171
592 298
649 170
537 186
153 68
545 586
617 686
461 712
260 10
501 732
910 222
169 763
410 821
365 4
481 896
83 764
66 674
413 67
195 949
252 347
369 148
284 985
186 745
696 797
106 196
528 15
770 48
130 179
868 494
182 700
742 616
816 807
290 228
225 484
177 828
831 897
976 114
881 513
210 929
309 667
124 188
682 245
235 163
775 454
656 308
506 397
924 321
556 213
900 780
48 428
608 878
324 935
344 557
799 905
485 107
572 960
646 605
205 232
767 979
685 774
287 542
171 210
214 78
774 114
857 821
541 816
51 217
102 394
773 900
650 257
358 221
216 3
177 772
234 943
751 271
69 389
164 239
950 378
668 723
843 524
895 735
692 945
951 793
690 75
45 340
331 402
912 899
405 441
670 990
735 772
612 803
512 776
41 813
153 708
535 995
584 782
81 627
726 32
771 416
107 789
217 370
39 973
810 60
314 545
184 926
347 695
701 388
508 205
447 394
551 382
175 631
8 253
14 779
668 472
945 126
260 513
495 650
485 305
709 151
849 892
76 547
939 128
934 798
332 733
191 882
466 718
864 474
970 878
604 989
349 548
114 960
61 960
609 897
264 669
47 464
561 474
11 851
601 296
648 932
380 190
165 846
907 29
671 228
906 274
216 606
173 681
565 585
641 173
482 904
841 880
720 753
354 82
955 954
377 602
238 109
144 754
954 50
782 624
630 39
249 845
644 773
526 560
358 166
84 191
421 277
70 492
29 775
573 336
729 302
937 318
410 80
71 363
482 205
338 111
595 586
307 591
710 832
150 67
349 234
257 122
510 327
613 890
101 186
225 181
839 514
850 248
945 273
610 426
477 299
888 71
236 547
13 945
378 163
12 79
748 620
200 257
946 164
498 399
701 723
931 539
588 133
786 532
405 747
310 881
45 549
303 632
95 668
577 473
830 940
903 577
559 454
185 857
617 682
607 318
756 537
208 343
669 994
875 425
92 536
305 489
84 960
120 179
627 696
3 808
987 905
736 546
358 920
402 326
601 8
995 709
896 203
51 917
548 277
341 991
812 998
479 248
309 599
426 287
646 428
94 633
684 829
178 393
748 931
718 700
290 65
760 537
619 163
805 166
439 146
508 603
495 987
850 803
585 275
89 582
54 534
214 737
362 743
129 461
673 198
512 314
262 624
851 880
786 7
397 224
152 905
178 998
891 379
152 827
5 240
408 58
125 622
146 838
716 274
650 389
472 162
54 733
137 256
965 922
263 361
497 766
265 675
764 507
405 915
333 410
507 93
467 631
714 613
821 429
238 470
169 709
983 575
794 119
830 758
40 92
470 537
210 87
563 973
593 967
239 278
376 745
370 195
728 435
159 548
215 396
17 736
457 1000
310 602
470 491
711 510
935 532
398 144
618 960
468 563
926 706
840 654
803 561
200 530
347 358
429 561
105 445
648 913
796 957
866 266
448 576
127 382
108 524
877 77
835 344
639 112
49 830
765 851
742 316
732 88
25 160
649 130
605 296
394 752
605 260
369 404
187 847
137 646
370 13
75 204
356 713
316 756
895 432
607 636
748 338
724 772
498 724
253 454
371 999
557 327
610 926
730 148
772 218
146 494
230 220
49 937
284 716
693 178
148 651
166 247
340 889
370 837
964 975
642 686
325 551
13 934
476 94
81 599
312 226
444 541
797 493
478 81
208 522
610 707
172 775
305 511
15 27
700 978
1 693
16 325
243 28
610 70
121 42
21 432
620 464
325 416
308 154
496 868
27 106
926 198
232 231
60 247
257 111
576 609
804 591
285 46
618 894
468 91
287 488
874 906
303 198
322 611
703 169
478 729
626 755
926 858
985 338
456 593
448 31
201 251
622 837
649 239
82 468
681 369
955 555
274 257
752 947
219 807
468 48
535 445
803 813
302 139
150 109
732 949
140 284
552 761
121 200
351 554
667 32
922 973
938 548
581 41
494 152
847 313
199 382
758 353
194 411
492 695
520 575
643 659
210 194
771 330
745 473
884 763
856 157
87 793
704 668
834 550
819 680
862 369
413 971
722 958
734 565
652 253
491 647
263 700
192 385
382 937
857 617
51 713
773 138
857 829
157 690
378 327
722 591
695 134
562 768
92 295
684 95
899 174
93 513
874 285
897 607
573 105
223 623
169 995
112 26
823 268
67 552
594 788
143 641
274 56
760 717
702 796
163 600
321 256
464 546
892 712
152 464
816 374
438 337
721 550
362 895
169 780
447 115
568 941
107 193
996 866
909 697
13 423
648 334
678 463
879 569
174 31
384 989
756 822
677 828
371 390
723 891
170 521
5 89
461 111
281 808
329 541
856 341
963 855
26 641
317 905
561 490
287 945
830 394
118 859
222 840
248 296
730 417
816 735
505 628
197 137
787 525
677 994
218 640
848 243
632 516
147 544
5 785
840 186
179 957
44 752
148 292
47 878
60 214
964 565
193 512
53 331
37 730
324 254
721 523
496 704
38 995
247 394
131 439
931 309
395 975
412 895
618 810
124 29
375 87
593 567
598 998
249 986
727 572
591 799
94 439
502 483
785 100
876 915
538 807
576 285
133 987
179 750
797 302
778 523
740 723
90 689
720 690
675 798
262 617
948 707
55 449
190 839
548 65
754 438
871 681
722 355
667 900
104 815
553 234
338 292
308 779
332 379
468 358
528 81
975 475
788 381
923 329
220 822
393 325
259 616
357 332
970 23
583 426
190 135
11 879
778 670
9 110
48 476
819 927
909 793
401 48
174 675
496 120
421 107
87 777
438 409
151 373
186 692
507 196
570 637
865 578
98 264
406 916
190 666
61 942
713 234
616 88
330 463
559 102
569 646
230 359
54 380
731 239
424 589
786 993
577 2
923 674
617 680
942 806
345 2
747 409
587 714
848 916
176 406
369 97
403 598
807 808
329 537
46 752
477 183
97 54
184 371
79 800
50 20
957 746
21 55
506 607
768 353
874 296
110 242
392 865
191 198
672 520
86 70
271 562
252 719
967 788
89 46
939 490
417 896
587 438
302 92
396 422
796 622
717 906
863 460
770 54
9 793
925 94
862 195
7 114
266 326
253 354
723 191
844 139
438 430
928 740
874 676
161 669
297 229
926 511
40 695
916 48
488 840
493 701
387 499
166 652
176 418
5 898
609 200
389 398
982 316
137 855
343 649
523 639
229 449
150 268
495 417
315 334
257 159
35 995
658 200
646 185
970 2
435 578
554 823
327 535
490 464
741 833
464 263
823 693
63 324
312 910
741 979
243 349
137 629
343 146
829 988
331 798
341 765
727 894
939 53
780 428
868 520
612 684
783 435
376 197
758 39
106 850
17 701
198 154
329 540
651 509
879 981
306 220
97 384
465 35
789 245
815 656
764 426
339 898
212 66
447 322
105 904
171 473
604 721
978 933
260 629
441 491
961 99
62 410
482 526
444 622
122 610
630 238
36 968
487 599
386 933
920 842
837 91
314 792
163 644
724 422
272 165
264 584
615 325
993 448
203 789
70 676
398 699
913 785
18 400
384 403
684 303
596 872
745 262
664 907
905 739
681 528
255 296
111 869
621 456
317 175
244 738
850 641
436 763
778 805
514 161
560 549
815 155
773 912
416 788
170 672
526 850
199 133
498 662
1 470
117 669
644 360
758 493
352 545
607 129
350 472
289 909
21 456
63 145
367 831
932 536
502 809
738 701
941 235
362 294
704 830
962 347
541 72
191 892
616 798
21 965
621 661
225 641
468 288
785 834
118 68
722 971
877 459
671 817
45 384
110 100
565 424
798 105
495 988
997 110
137 369
