12786
76 677
525 213
276 262
710 562
723 780
24 201
968 255
990 750
529 269
459 972
652 990
418 399
660 608
962 653
213 868
845 288
545 721
500 820
982 209
734 56
340 757
256 307
11 598
409 892
218 219
215 870
561 633
620 220
240 581
873 453
449 69
92 345
789 592
516 122
152 249
177 492
6 784
150 368
381 910
259 599
129 826
820 689
458 791
908 697
723 132
501 171
200 593
867 340
184 383
813 687
983 341
530 988
125 680
708 857
589 318
807 69
143 978
757 600
768 17
649 491
148 149
13 700
741 232
391 276
614 204
963 596
896 492
936 372
523 995
581 464
664 387
532 807
717 289
758 836
305 758
678 804
907 43
503 999
274 246
275 239
449 237
186 696
80 473
68 603
819 648
418 483
386 949
641 454
237 398
290 893
156 319
697 414
361 551
412 986
796 686
576 596
274 762
292 706
586 711
660 405
710 77
239 95
25 879
549 614
276 190
858 783
860 554
196 221
457 960
558 604
645 134
200 271
247 843
976 184
553 987
588 262
63 178
708 439
56 608
52 684
149 910
466 9
815 14
581 623
973 138
227 969
623 778
239 869
620 566
53 524
552 992
137 614
170 844
405 577
452 456
260 952
717 726
960 532
91 540
506 63
678 732
383 300
509 622
521 480
539 925
3 91
916 139
56 437
335 460
14 138
268 625
89 984
350 49
867 792
588 725
206 617
456 589
269 317
210 141
796 100
65 151
190 332
641 598
121 975
409 134
112 676
758 553
12 460
953 230
603 540
954 809
509 410
397 129
78 958
269 225
57 333
375 247
664 16
196 136
342 604
269 806
632 379
358 643
190 310
872 792
201 178
952 61
939 348
189 16
305 457
240 362
141 615
960 157
982 155
292 323
758 913
480 389
643 189
383 184
498 607
327 51
784 279
463 722
626 652
737 931
460 328
644 953
294 603
109 275
757 752
950 866
664 429
607 658
970 989
841 467
947 520
869 730
798 332
451 775
335 539
57 794
867 700
98 160
302 206
787 410
310 88
628 325
868 234
983 837
574 175
656 521
694 524
602 491
207 405
266 541
943 674
687 161
374 784
673 27
342 811
789 651
898 416
327 765
649 309
602 574
484 609
94 529
132 696
20 691
452 637
231 394
662 269
907 35
405 931
414 746
741 202
748 990
617 74
106 617
735 59
190 218
667 636
98 151
683 469
841 134
457 423
879 119
692 785
153 96
67 566
193 159
767 940
148 735
365 254
351 99
312 541
668 979
528 766
129 210
234 969
343 691
391 221
809 434
358 313
529 424
231 721
583 349
12 82
84 729
335 434
827 999
326 495
329 853
612 809
414 197
129 108
239 871
329 399
305 38
712 185
813 294
258 747
642 269
829 77
997 515
863 176
865 188
22 193
393 985
1 158
181 129
266 420
1000 946
818 304
335 881
840 147
174 97
246 816
718 74
244 66
940 106
241 805
646 614
349 38
598 350
547 779
830 812
550 829
109 367
484 443
248 676
590 421
772 835
588 489
260 832
907 199
289 147
355 934
113 704
971 710
405 870
840 586
681 389
415 790
756 250
232 355
925 173
127 49
359 67
889 618
250 795
169 538
294 875
472 406
930 794
467 334
663 307
920 696
47 686
837 154
287 68
860 564
593 987
964 951
53 852
921 654
647 89
191 292
315 14
49 245
160 515
930 822
173 201
869 572
238 705
725 525
125 585
440 69
923 403
19 327
254 939
980 252
379 522
895 694
888 943
290 47
810 219
220 334
420 89
905 657
145 630
533 269
566 972
337 840
726 708
166 332
998 497
583 377
18 830
422 905
772 711
303 581
281 523
915 700
611 171
709 107
152 241
376 717
213 64
908 290
123 73
621 121
569 556
849 939
385 622
195 156
684 498
89 964
20 355
664 982
877 724
88 29
964 815
97 528
231 5
818 353
77 438
825 998
993 673
936 377
294 130
885 329
979 325
293 998
31 308
331 907
31 419
935 346
585 384
874 815
388 43
520 816
480 344
813 825
369 100
553 14
582 789
343 560
465 635
910 495
294 240
754 324
10 40
669 595
423 894
761 162
936 632
978 768
976 142
944 696
594 496
61 175
637 403
734 101
389 643
948 682
235 701
357 244
740 26
838 515
919 951
676 207
582 5
974 909
147 917
956 740
764 17
266 400
419 351
501 160
346 448
841 580
500 198
823 239
575 13
105 845
963 781
51 896
785 376
805 283
644 112
374 408
128 639
159 547
342 659
706 687
458 898
618 309
447 440
900 21
804 4
218 118
784 268
14 569
996 170
203 639
281 577
46 409
215 205
307 556
215 364
594 25
261 211
685 60
3 584
80 806
588 649
924 371
269 289
291 264
810 494
902 442
422 300
202 988
856 508
896 422
223 489
798 484
700 483
895 54
66 326
859 653
975 134
376 243
774 18
858 583
863 111
377 284
410 578
272 617
86 167
39 308
7 836
143 58
318 37
111 384
363 322
388 689
807 763
283 581
781 140
515 643
250 891
279 12
469 550
628 906
68 18
213 74
854 708
132 523
96 242
258 810
563 646
498 370
760 780
302 892
271 816
887 521
59 165
532 527
66 511
432 133
529 996
206 382
55 689
904 503
931 514
312 845
159 162
566 918
293 219
810 564
35 696
436 445
212 967
971 277
477 754
409 5
101 966
738 508
655 994
10 937
507 673
133 17
834 699
934 479
917 95
42 303
142 829
99 353
795 421
629 623
174 389
980 627
355 69
134 9
62 495
297 920
167 429
936 1
479 222
831 748
316 224
402 458
52 501
162 198
921 791
172 447
179 151
73 885
572 558
893 985
52 541
905 570
970 840
922 448
413 752
195 729
975 597
538 378
449 51
575 369
841 747
167 372
249 591
256 820
148 501
805 551
41 61
473 10
900 394
810 665
146 356
745 472
304 282
850 752
684 424
473 525
522 639
896 771
230 503
942 729
3 746
632 44
806 104
405 58
497 566
74 994
922 818
466 577
451 667
329 134
442 153
658 964
791 905
86 372
760 379
101 762
477 84
157 634
187 914
43 35
831 116
29 752
933 846
329 383
512 9
517 305
161 526
620 303
783 705
675 894
436 127
655 912
562 164
545 748
429 588
134 259
703 162
11 988
359 691
722 222
51 590
527 563
116 146
865 250
203 891
143 990
369 149
901 930
664 445
29 92
384 515
351 439
676 713
426 387
755 147
608 157
737 486
719 204
984 935
805 538
178 299
527 898
799 779
828 463
575 208
554 959
722 256
397 750
968 174
488 74
672 447
230 408
933 948
963 268
235 119
157 412
417 35
309 216
813 488
678 387
48 583
697 769
191 93
870 158
618 709
584 290
156 813
49 440
113 364
707 347
482 215
758 899
249 66
466 61
906 495
799 953
429 496
73 619
940 943
129 558
3 712
199 158
524 247
597 988
610 655
334 92
869 91
342 469
509 159
529 766
653 328
718 81
175 790
700 114
84 828
671 87
891 221
596 414
468 193
402 429
199 87
872 420
530 565
888 390
723 769
155 375
448 872
808 622
13 859
87 97
38 110
535 928
330 130
693 797
674 446
578 873
533 449
644 62
14 883
803 736
3 957
463 802
828 622
423 192
480 862
288 517
971 174
796 300
304 488
449 977
934 26
201 818
474 196
231 839
79 33
927 433
989 389
235 168
10 9
359 841
870 999
709 840
172 504
492 827
343 940
156 628
965 708
445 790
904 27
629 334
59 907
766 399
295 352
918 656
361 629
848 230
979 556
422 150
411 913
329 753
852 836
381 168
543 177
309 798
556 937
131 614
843 249
365 489
952 282
496 312
262 343
894 240
250 315
742 660
579 70
765 782
905 145
301 799
673 609
597 228
898 79
194 92
327 910
933 279
543 428
942 805
123 835
44 372
501 137
384 431
206 148
212 462
644 864
261 668
473 209
248 370
287 441
813 966
702 745
596 244
173 537
48 295
724 444
18 576
580 753
7 138
900 570
951 895
434 563
563 258
771 810
627 58
602 439
23 303
184 618
546 708
506 946
354 229
389 723
157 320
476 163
457 375
732 408
270 517
322 184
774 93
993 752
150 594
543 524
248 78
493 793
785 350
738 490
579 478
212 87
798 687
249 606
414 332
365 35
849 687
218 974
779 562
726 280
507 268
155 754
345 647
546 481
996 636
970 926
465 533
12 614
572 612
220 337
944 936
371 144
974 940
117 752
853 842
383 359
461 537
464 157
535 361
637 883
996 958
160 813
843 172
426 414
135 645
750 78
933 472
221 906
411 338
10 615
531 392
325 992
281 788
148 167
148 137
49 496
94 209
308 288
732 733
701 866
730 802
296 14
273 868
919 35
205 928
649 88
672 973
79 304
112 578
470 260
714 871
107 160
431 414
447 514
498 500
731 579
301 26
592 926
894 863
960 450
790 961
889 813
285 967
116 397
897 938
656 962
808 114
121 590
879 920
103 728
771 833
307 71
211 250
348 456
112 660
257 254
620 146
66 904
464 534
300 360
471 307
322 630
420 794
219 298
65 321
26 835
505 684
258 715
285 605
170 749
264 779
354 883
924 771
139 387
304 790
99 126
449 420
755 868
565 973
518 630
645 895
464 150
930 721
216 214
326 738
314 941
516 667
176 439
438 314
177 93
455 275
219 903
694 325
771 611
298 640
240 294
886 703
795 815
424 11
380 101
100 694
41 615
712 216
405 149
881 933
242 336
208 812
238 253
136 360
863 785
351 102
431 236
805 225
50 580
587 782
32 686
475 72
652 186
640 408
687 872
341 280
207 900
443 797
152 578
508 15
715 859
468 145
94 624
369 496
203 308
277 234
345 103
658 349
640 649
756 678
520 448
309 79
347 751
227 851
329 734
865 395
592 684
539 38
308 259
533 510
566 161
96 911
615 105
259 606
753 366
284 272
166 592
702 512
343 928
362 23
662 578
417 253
614 307
642 921
565 526
782 483
686 229
393 652
333 3
258 85
720 541
357 885
132 58
749 826
338 462
848 999
392 616
603 5
274 245
925 839
770 58
321 808
287 65
459 619
419 716
704 490
256 412
375 740
821 475
917 158
936 117
508 679
732 111
683 6
355 959
196 476
17 868
283 655
284 742
273 54
809 328
543 417
91 269
156 912
743 72
421 31
188 929
709 272
39 744
629 745
702 176
572 70
43 855
76 678
948 701
731 756
28 273
172 119
894 679
382 636
103 802
18 642
730 727
265 120
822 893
216 875
68 788
297 462
994 372
139 941
72 869
48 452
494 572
570 387
250 951
374 704
104 392
346 186
470 610
657 291
855 873
165 922
12 813
736 5
185 874
945 608
95 992
59 588
563 980
974 165
282 347
868 386
90 565
923 559
175 579
849 29
803 366
302 814
178 37
818 714
263 762
674 357
106 732
944 20
64 269
536 345
967 756
82 57
320 356
615 494
935 816
874 89
533 528
903 62
916 720
776 178
834 449
886 291
532 829
662 595
449 198
292 416
953 725
824 272
81 438
118 367
605 991
455 137
870 357
199 786
429 326
963 262
126 849
904 657
29 565
604 830
762 247
597 66
971 420
338 51
209 807
769 814
149 224
950 19
580 500
804 360
825 118
621 950
318 524
959 699
89 562
528 202
808 124
268 130
543 957
533 103
763 301
916 911
524 218
281 456
717 84
815 894
554 788
195 871
663 153
921 751
66 448
305 225
571 572
355 465
880 887
568 642
539 835
904 63
52 185
870 121
620 36
366 525
823 560
748 486
713 668
588 130
116 892
355 38
815 709
855 694
947 422
687 485
608 943
899 12
479 120
484 98
156 849
975 978
760 722
815 824
389 403
954 856
646 308
894 813
368 748
858 314
521 545
150 480
839 401
491 317
520 974
766 675
174 740
5 286
813 819
109 202
573 62
409 219
721 654
31 88
753 888
753 625
784 903
105 622
303 947
290 174
921 56
849 446
147 205
731 960
23 840
513 948
253 921
166 974
927 548
413 679
787 166
304 571
420 408
544 74
354 834
247 626
241 447
424 387
651 154
698 26
345 210
973 950
483 490
275 409
37 687
87 823
852 742
745 271
501 289
344 855
474 943
832 714
389 255
100 392
761 798
417 457
359 741
406 841
230 680
601 618
719 40
792 570
781 537
193 282
177 888
488 650
830 671
363 571
278 814
962 38
963 730
846 674
470 604
866 51
635 467
20 353
858 811
275 638
699 467
271 875
706 110
876 888
781 590
458 58
756 419
447 70
500 644
743 969
247 609
371 882
427 742
586 284
904 860
273 603
678 544
829 384
5 705
623 785
646 80
194 401
850 992
471 349
636 565
669 882
173 391
115 951
132 701
234 35
912 859
989 590
754 818
325 758
874 947
895 519
26 88
272 227
80 94
575 67
658 595
948 183
985 415
133 116
467 719
502 378
577 491
967 682
308 291
439 533
589 333
51 614
773 674
192 204
767 766
270 425
712 569
607 696
983 91
163 801
809 17
179 737
507 145
770 166
788 209
698 376
893 100
342 17
774 885
220 892
651 841
316 714
410 274
410 744
365 924
545 525
940 723
614 446
219 383
963 358
943 12
86 836
464 779
204 589
663 424
480 665
264 796
379 25
421 140
769 785
63 665
662 3
739 275
800 309
9 115
667 952
126 104
787 589
882 342
177 544
765 657
209 381
804 939
405 576
78 525
713 140
189 374
494 279
1000 646
588 8
760 254
959 237
357 97
178 590
439 354
133 555
362 693
935 517
631 692
93 708
568 805
200 109
530 693
387 529
690 974
888 801
579 847
38 287
943 215
876 733
920 361
288 634
405 574
502 36
617 594
95 185
750 646
645 631
339 31
159 380
357 47
181 935
245 218
574 539
784 801
272 55
513 911
688 918
836 190
953 453
135 399
989 237
45 985
867 735
15 378
114 723
776 646
658 20
215 583
910 998
383 181
53 896
443 92
165 279
633 469
83 768
867 423
4 263
407 222
997 773
599 463
496 726
108 505
97 323
87 7
672 821
539 76
68 982
168 232
612 800
700 46
919 919
820 274
181 226
496 530
350 446
992 845
172 451
701 620
773 787
626 797
960 165
872 379
498 39
963 109
191 14
154 109
932 973
383 465
550 230
994 899
675 337
96 198
787 796
818 912
935 443
708 246
959 579
624 456
970 938
916 512
952 421
620 235
745 354
51 294
583 396
545 258
732 992
807 519
787 624
430 73
419 489
318 729
419 294
537 388
231 452
899 534
873 871
121 617
224 171
263 807
919 159
416 650
150 222
168 288
198 949
361 968
437 678
48 208
971 584
595 554
36 846
439 260
716 559
228 291
82 490
97 1000
1000 864
649 149
438 169
789 987
469 149
954 258
178 353
465 501
937 411
54 324
256 492
583 323
403 810
614 836
652 62
835 651
278 835
152 715
355 940
701 176
440 6
785 617
358 249
117 294
11 522
969 267
14 903
941 768
713 906
603 716
968 789
718 245
975 221
311 682
512 11
857 951
16 641
568 373
241 684
19 251
206 987
869 571
890 810
690 954
67 644
21 34
784 90
630 758
311 292
791 822
302 999
125 317
639 692
42 231
727 412
834 932
750 702
854 639
863 895
944 930
538 316
315 321
406 297
431 68
588 221
241 890
220 365
558 210
56 951
793 783
362 626
66 112
327 272
102 190
166 398
471 56
713 785
376 470
81 806
537 669
379 778
910 950
494 819
511 550
770 303
684 483
928 101
594 607
724 48
148 242
797 618
297 509
754 672
331 835
830 867
855 560
996 116
509 490
934 371
391 703
674 426
186 601
878 131
559 602
178 706
195 974
675 491
835 429
514 165
615 695
383 469
254 731
584 114
220 517
485 962
572 510
739 757
462 616
239 21
569 769
78 763
94 753
253 928
181 119
444 795
813 179
615 419
909 198
884 480
66 368
441 637
229 531
745 691
146 984
63 67
752 140
829 845
892 434
125 424
552 568
218 364
98 832
134 6
381 18
485 799
737 277
435 966
807 180
8 305
515 70
371 266
209 199
462 453
984 586
876 535
506 94
251 603
277 736
609 10
753 445
808 490
74 594
807 232
125 814
536 639
883 258
256 443
809 718
895 792
655 771
679 160
216 929
763 844
664 723
853 769
519 12
610 592
606 416
824 730
229 711
369 463
969 976
905 777
693 152
568 348
922 246
859 489
526 973
684 542
695 537
662 566
900 271
157 505
686 332
587 266
43 955
728 363
282 984
139 975
135 58
674 408
304 532
248 181
505 932
74 551
820 735
116 719
5 625
224 690
308 162
307 702
116 34
64 397
370 554
723 856
612 396
264 267
280 511
799 784
794 873
686 613
607 154
332 964
130 907
5 437
68 312
491 535
697 906
283 66
460 358
922 423
753 537
41 384
399 839
519 193
63 205
805 22
358 488
985 839
394 989
627 813
652 117
699 349
23 982
414 834
339 687
608 443
575 648
827 974
838 345
518 901
901 674
922 258
162 258
448 907
246 75
72 250
191 770
598 565
751 363
750 441
402 709
884 976
708 710
301 546
406 818
798 307
492 719
916 653
328 364
911 925
438 982
174 980
752 771
897 854
134 646
295 535
707 178
862 414
239 163
959 644
980 756
950 471
826 218
475 153
581 738
78 370
719 603
349 822
374 245
676 859
243 970
745 949
147 606
362 385
768 321
380 748
428 682
570 254
899 397
758 479
134 187
848 204
790 548
26 515
145 701
373 387
670 469
687 168
74 48
904 842
720 283
941 148
964 862
753 214
610 862
692 743
401 891
299 190
791 324
704 935
24 428
321 45
896 7
564 321
406 467
514 126
749 806
625 65
668 729
278 277
942 322
372 342
564 670
531 354
345 586
288 720
365 960
764 612
318 679
933 76
145 446
201 245
252 177
661 271
257 939
899 198
612 270
540 175
291 422
881 635
8 520
354 724
480 469
336 149
147 268
224 643
65 776
888 316
304 548
586 560
838 837
758 449
458 297
976 749
70 208
735 77
727 441
153 558
909 488
707 408
107 282
50 171
58 937
839 713
837 776
273 674
612 30
475 70
678 802
170 747
9 904
176 735
344 680
645 605
167 351
12 625
984 413
795 393
702 633
106 538
409 378
563 372
759 389
441 788
542 610
886 550
514 413
637 209
92 281
813 610
983 176
234 966
589 29
711 290
13 816
179 773
545 741
145 655
482 585
442 23
547 679
925 412
92 561
620 535
193 785
145 175
960 730
492 900
758 202
189 123
17 367
895 913
460 39
567 293
976 8
667 522
39 591
933 130
151 904
16 695
688 160
869 648
242 361
547 351
562 88
473 931
806 720
843 617
758 410
261 85
769 928
958 807
518 242
288 21
146 304
715 185
815 584
832 56
296 731
407 209
170 231
139 327
950 334
944 60
95 204
144 863
131 454
22 1
695 661
21 192
316 735
377 131
670 560
538 965
642 296
174 811
879 664
138 828
997 433
239 443
988 735
306 119
188 679
119 234
339 491
426 7
225 802
489 247
713 26
211 355
674 736
517 904
400 6
731 748
438 970
191 426
704 848
896 243
878 366
476 568
856 901
574 432
54 62
678 767
440 889
473 465
976 989
368 727
995 450
475 784
771 17
561 826
216 456
68 445
821 544
12 28
796 938
460 202
999 137
968 790
377 792
606 353
780 973
79 126
775 905
262 545
921 822
371 488
278 790
932 450
685 944
478 481
233 937
682 583
425 1
373 802
792 330
154 923
303 232
401 429
489 662
325 409
483 695
249 112
837 180
914 521
475 743
1 707
31 34
290 455
34 14
608 177
343 761
452 997
345 852
777 833
513 102
593 347
148 841
811 984
373 76
505 199
170 857
258 200
891 899
6 276
912 614
805 606
726 256
955 70
107 731
254 971
832 199
669 980
39 831
315 763
906 819
962 75
28 219
626 270
117 632
545 380
597 701
337 322
956 291
744 414
374 997
384 205
547 405
536 938
235 851
700 493
21 13
567 48
231 545
317 699
176 214
430 124
914 767
445 222
409 540
635 782
889 371
339 435
127 874
372 361
76 72
853 97
436 772
496 19
316 813
717 843
26 499
318 291
265 114
512 673
654 499
455 542
221 793
328 347
18 700
707 446
123 912
542 558
683 37
576 350
201 645
544 578
143 861
869 407
974 732
431 627
230 237
520 450
381 848
796 399
899 855
844 21
766 737
930 800
125 858
149 678
502 692
255 644
904 475
402 877
207 184
856 436
421 375
238 801
574 33
551 472
887 746
844 4
834 774
803 311
631 951
988 484
994 594
479 897
69 232
126 275
415 981
62 187
707 299
340 281
684 890
104 570
988 948
926 173
73 728
483 55
679 822
538 24
416 16
921 484
247 398
110 13
378 171
200 436
470 891
68 505
780 172
426 119
471 351
292 895
949 109
300 838
132 715
205 404
550 803
801 11
815 530
181 366
966 2
256 33
506 388
556 932
858 378
282 149
272 712
627 572
820 926
409 304
992 613
707 541
415 860
551 230
389 83
947 706
437 203
739 942
590 646
225 447
24 859
948 295
570 926
867 742
203 627
45 194
240 751
86 654
610 988
235 351
422 182
56 858
736 146
152 677
792 376
475 815
586 774
461 508
699 679
249 253
306 293
446 545
395 883
550 357
870 137
707 292
670 114
501 405
260 652
433 51
28 907
217 965
681 677
472 731
356 72
984 13
716 781
909 111
664 458
819 885
594 877
528 263
990 29
19 249
680 451
651 59
710 867
24 742
896 847
472 251
919 807
615 634
940 523
96 955
980 914
839 926
142 367
540 132
395 559
732 426
361 383
485 70
601 860
811 496
706 635
98 976
793 712
610 732
234 705
686 566
971 877
843 112
243 382
595 989
292 679
766 653
61 250
74 13
461 885
509 167
871 606
494 663
318 103
747 903
160 784
468 130
660 310
593 254
44 540
594 335
218 360
987 630
609 413
642 422
649 150
940 519
108 433
181 425
536 279
327 47
63 147
176 722
456 120
976 499
11 569
186 228
280 524
209 241
936 203
662 584
704 601
102 811
33 635
587 920
913 914
966 327
412 493
49 867
965 376
718 975
296 255
555 576
778 763
816 714
317 829
297 21
429 751
831 813
737 418
85 1
683 50
328 94
895 376
312 859
103 381
833 750
635 387
325 413
502 492
478 818
320 126
838 100
228 21
913 964
790 997
965 824
398 292
917 292
19 580
150 473
313 983
222 299
721 547
63 222
390 540
40 710
18 229
809 245
249 73
209 38
69 173
861 819
816 129
110 186
61 612
658 725
946 879
23 666
777 86
240 167
977 279
228 994
507 388
239 108
461 447
497 881
971 358
51 786
838 161
323 250
772 980
974 69
858 997
734 987
434 973
505 410
603 84
404 462
471 642
921 283
440 417
516 410
126 566
547 964
78 869
565 201
200 539
269 57
887 355
395 320
679 899
81 282
982 484
95 805
477 15
439 268
431 954
677 557
872 575
872 949
795 436
502 994
326 770
403 212
476 149
883 155
48 964
788 381
799 882
185 628
248 624
895 30
929 924
586 800
498 809
101 645
597 954
990 922
723 392
486 199
541 368
705 940
683 492
672 834
725 857
461 972
832 355
1 112
278 939
264 128
99 716
124 695
669 113
969 391
857 454
941 749
173 645
688 208
488 359
41 212
567 501
183 750
855 536
214 485
474 477
612 572
192 735
619 860
199 587
602 55
392 895
803 564
891 842
771 379
553 163
942 119
663 125
221 870
12 434
354 485
262 317
408 453
51 378
664 249
964 617
656 707
511 458
271 754
652 393
132 204
908 73
322 570
549 894
439 560
679 144
396 940
460 156
744 862
533 759
463 849
376 118
555 238
927 177
991 578
922 474
781 829
899 455
398 799
348 189
359 27
332 106
318 792
261 62
5 146
820 467
994 547
584 548
785 511
77 775
440 998
249 221
826 499
675 575
297 22
115 7
400 447
113 718
590 725
779 594
870 950
413 215
497 996
115 281
858 191
407 298
188 7
518 365
505 192
939 802
565 406
808 317
852 272
34 793
997 164
738 866
465 150
433 961
498 547
593 355
737 1000
652 276
358 521
640 863
64 930
16 981
335 175
297 538
447 330
682 443
845 420
660 309
921 92
270 418
638 214
125 726
565 128
1 923
1 640
137 64
922 504
44 256
678 340
794 124
21 475
918 865
246 930
174 519
21 795
936 11
8 412
88 925
540 89
847 892
80 335
955 1
838 351
609 515
42 402
991 63
228 908
279 826
837 452
344 210
598 631
572 958
43 659
882 934
99 80
825 179
766 131
531 603
481 139
469 523
892 459
937 472
719 215
297 907
19 640
116 616
622 39
925 16
698 806
301 796
237 477
326 2
608 857
956 440
995 425
962 239
883 250
710 953
465 358
860 483
349 975
450 970
14 375
986 63
532 638
210 769
115 536
122 722
392 78
513 738
502 475
976 736
724 37
689 540
394 548
22 742
874 824
712 239
198 49
653 729
686 863
849 800
398 971
873 141
48 386
878 549
212 206
636 287
242 324
827 636
223 200
729 449
23 792
39 572
840 692
653 878
554 501
29 303
471 254
443 870
639 320
770 202
877 406
840 119
729 18
106 304
218 834
752 592
626 790
516 817
481 168
46 386
20 75
688 843
328 482
712 318
802 482
519 30
887 710
148 967
728 605
270 297
791 21
240 768
163 755
936 995
274 982
733 294
56 420
136 735
902 847
52 55
680 922
84 566
631 584
885 358
540 154
654 330
527 246
97 41
1000 33
35 274
366 767
919 421
539 54
155 792
252 558
198 932
479 633
849 109
216 733
819 756
239 824
437 765
69 886
805 421
270 191
46 635
958 964
55 848
369 561
639 620
118 188
903 596
820 104
56 388
836 226
495 74
402 931
190 470
816 994
242 437
185 287
71 494
250 125
341 970
37 331
590 154
518 844
101 689
947 509
76 135
86 570
208 487
853 398
957 20
743 198
457 279
837 527
124 438
4 816
408 40
498 349
546 15
192 998
56 491
858 131
625 944
53 832
430 905
924 676
288 732
306 124
611 430
561 614
245 968
5 743
316 902
109 860
252 164
350 109
647 974
52 699
157 482
603 90
571 878
117 858
962 422
981 572
851 542
185 448
861 541
190 529
443 650
388 694
814 89
154 460
62 206
510 570
39 464
11 961
693 127
819 654
549 799
225 751
692 761
198 553
654 739
81 448
389 820
493 202
908 646
13 321
203 874
890 593
337 253
554 29
379 372
35 279
170 259
30 214
372 227
766 25
966 198
472 354
17 316
907 924
961 271
244 164
144 485
108 832
737 661
860 468
32 894
746 554
505 775
119 228
354 884
604 319
433 427
24 449
742 282
724 702
904 967
217 399
451 325
230 540
337 441
7 721
687 752
626 191
879 744
770 232
979 373
902 411
799 925
859 540
558 582
593 461
900 810
859 702
486 440
241 174
880 599
894 566
351 519
756 229
614 525
812 592
249 713
2 47
989 212
586 546
145 179
358 44
340 216
746 177
7 338
702 886
937 596
452 639
466 559
219 80
436 30
671 684
742 25
731 82
236 668
627 381
846 984
424 537
551 521
65 557
211 767
794 499
714 245
137 179
804 355
610 591
736 633
274 829
657 356
910 892
24 536
624 221
871 400
758 773
272 174
681 482
940 474
980 5
719 116
184 874
822 145
816 909
777 89
737 433
445 646
677 468
181 300
688 403
51 797
527 323
323 207
156 614
681 136
619 751
603 154
976 777
298 791
685 75
231 422
507 675
67 535
494 600
187 534
354 237
682 881
911 4
87 67
618 119
202 588
221 156
741 196
932 38
338 617
112 569
38 971
595 456
505 89
55 43
622 409
280 655
641 190
659 727
256 628
846 809
215 66
965 307
614 896
344 951
864 808
871 901
130 466
709 634
554 115
29 527
875 308
181 515
849 191
242 457
818 439
265 384
856 229
690 469
477 386
772 340
193 642
593 322
107 301
307 12
415 335
538 290
994 71
804 843
261 397
299 431
835 915
814 43
496 856
511 972
241 634
663 785
276 255
458 734
907 764
746 322
451 635
963 444
705 118
638 318
515 936
748 701
203 913
743 698
768 606
669 8
239 331
144 514
938 601
600 844
365 345
517 167
331 479
962 388
597 600
705 463
887 804
163 89
716 258
786 484
863 806
843 101
137 987
967 74
939 566
269 655
262 786
821 944
264 783
331 212
382 387
674 268
190 189
709 906
446 494
741 308
300 583
760 788
921 78
213 860
643 833
514 256
618 687
200 234
469 530
445 202
917 471
821 458
11 529
363 456
375 455
115 26
38 226
165 310
304 377
521 298
209 35
554 179
721 753
412 541
634 208
742 550
30 562
360 40
443 74
495 817
529 961
194 566
539 358
227 842
86 748
139 294
134 692
824 206
796 235
746 430
795 839
331 824
752 690
864 194
764 710
362 292
23 907
209 561
264 435
402 349
534 892
995 667
584 818
405 969
160 199
159 491
374 911
180 237
456 295
947 170
586 321
76 146
881 692
581 282
40 466
525 386
133 460
204 356
839 960
677 350
510 835
840 883
97 372
120 553
666 418
74 604
738 149
749 618
192 681
251 232
147 127
617 631
587 172
338 777
483 366
126 992
201 966
875 649
689 346
201 354
763 626
309 852
127 58
821 318
90 423
549 236
549 518
218 135
41 556
911 524
921 37
515 473
354 741
122 42
86 674
747 200
300 56
403 778
113 223
95 202
645 996
790 546
865 7
680 905
914 591
428 187
979 295
11 332
387 484
373 473
158 471
24 809
526 779
586 990
1 32
544 998
27 333
543 891
691 574
796 957
516 575
495 494
221 505
825 608
989 549
432 498
20 807
306 897
585 243
887 938
274 430
935 653
114 829
543 156
402 690
112 270
617 606
763 189
463 940
796 803
488 579
300 859
386 957
756 970
551 994
907 824
423 193
476 536
373 371
691 127
412 155
396 28
112 158
217 926
97 364
728 937
943 379
147 680
335 902
1 885
895 260
61 669
452 888
556 177
258 599
303 22
753 698
401 216
855 617
142 304
333 221
592 627
600 738
306 286
992 306
523 238
917 583
907 369
822 462
545 432
412 847
453 516
896 853
732 750
822 225
405 154
445 996
780 396
734 437
34 77
94 556
314 11
490 220
731 663
34 275
94 445
473 546
313 720
751 44
821 572
620 226
77 416
573 208
812 658
644 197
734 737
752 48
99 593
619 829
255 652
455 349
449 279
246 761
998 348
156 819
919 775
44 347
190 968
554 353
626 549
901 359
638 4
406 736
596 377
565 203
380 19
551 828
298 148
940 295
496 447
113 766
221 508
465 763
476 370
467 101
919 368
811 556
371 569
643 319
945 207
521 324
578 423
504 227
922 443
521 769
890 986
535 462
845 351
576 672
720 395
124 638
114 935
545 836
855 540
154 799
98 26
474 675
448 977
901 722
772 774
490 13
111 376
826 955
726 402
627 446
148 102
435 261
388 332
448 242
871 602
40 968
979 514
995 427
842 895
500 613
20 989
977 130
365 803
85 442
556 63
239 703
164 674
315 552
357 762
145 579
898 694
50 892
472 243
139 971
208 158
959 184
640 675
338 724
117 893
138 355
947 653
380 613
556 88
375 701
666 441
237 916
134 638
807 605
232 297
927 439
807 238
623 446
912 312
521 380
205 10
87 151
14 466
116 570
554 490
622 571
930 210
486 416
199 645
372 430
293 299
869 99
536 843
896 799
154 768
179 710
777 617
213 143
82 328
712 987
817 685
910 98
894 747
513 92
391 885
521 36
535 741
134 70
935 382
220 89
501 750
798 630
366 10
772 800
337 483
138 505
519 399
955 764
146 467
703 727
923 237
820 409
658 754
790 230
194 290
979 992
919 697
353 690
496 42
524 985
898 394
384 852
157 529
671 363
416 725
442 339
314 261
747 323
366 888
552 560
529 883
551 448
579 255
489 426
648 365
410 546
758 145
749 267
673 419
629 441
496 70
779 809
682 877
131 48
764 683
607 644
565 509
91 495
763 932
920 411
648 681
308 757
826 56
23 850
827 652
290 322
73 420
130 755
648 612
802 763
646 408
407 562
268 849
56 30
780 327
792 779
8 99
536 833
507 558
682 333
561 324
654 634
743 135
740 391
746 893
153 744
652 559
305 919
408 361
300 539
687 92
318 46
542 205
230 48
762 912
732 675
587 385
660 329
871 399
71 969
291 224
712 294
134 16
212 893
728 511
784 767
954 453
812 496
657 42
895 770
305 627
444 891
363 455
219 586
205 642
554 847
217 617
140 350
632 351
595 360
862 378
126 167
182 289
662 838
330 909
607 634
887 403
524 601
857 95
186 414
736 91
707 400
653 691
750 599
50 963
328 527
130 509
815 143
346 497
403 305
130 289
707 6
242 915
100 427
328 187
870 588
138 928
987 142
618 88
741 19
403 68
545 884
577 712
26 922
208 429
226 337
69 284
694 310
199 793
89 878
979 958
465 468
885 803
610 855
243 702
873 645
769 770
880 345
481 905
619 40
685 196
728 754
480 422
63 30
214 503
907 545
460 724
12 697
878 973
903 472
674 775
468 443
544 347
139 376
252 109
415 288
305 143
41 136
916 456
517 481
310 423
25 770
498 389
818 728
713 720
199 387
846 667
181 390
365 671
117 968
780 532
256 436
26 648
571 293
455 439
773 765
861 150
886 711
538 703
438 250
774 988
988 619
6 520
360 371
543 477
338 674
360 593
109 737
593 31
29 47
469 801
811 681
950 696
743 839
750 532
441 523
520 780
494 877
300 853
247 842
681 937
867 40
881 975
128 473
357 156
520 825
957 682
857 258
378 600
97 479
483 537
2 2
316 847
231 967
51 477
160 732
765 26
123 646
352 603
118 708
758 989
884 66
671 93
324 400
692 772
878 174
660 231
528 327
77 758
294 480
586 805
563 351
831 685
996 182
287 465
242 397
806 125
462 476
217 137
875 260
908 104
786 567
335 665
894 763
774 539
242 711
343 804
413 525
841 760
59 479
225 300
875 30
776 689
857 345
825 83
956 85
186 93
3 872
109 248
635 882
786 876
945 481
680 357
5 520
117 63
350 693
714 225
722 842
913 930
538 89
12 845
173 549
938 176
421 46
423 55
280 561
930 224
41 961
932 397
832 48
812 182
92 525
758 165
718 670
94 607
758 105
452 283
654 389
458 426
786 232
480 417
792 761
992 184
722 924
581 905
323 392
86 415
268 843
579 986
864 673
592 974
129 395
256 134
135 65
559 921
648 38
689 792
799 681
975 872
956 555
776 278
298 214
692 566
408 623
903 624
295 494
597 775
241 204
261 375
620 819
647 267
209 336
58 359
368 385
582 323
291 357
600 589
922 644
154 682
266 56
305 912
901 901
686 141
456 946
516 75
117 514
693 325
201 103
35 568
487 616
890 777
324 842
365 246
485 870
927 102
925 583
13 826
483 50
318 290
348 185
364 464
699 408
140 899
510 174
819 348
141 708
125 464
901 841
61 385
711 339
838 987
921 202
164 755
252 482
44 951
666 759
414 716
167 905
967 28
430 785
376 570
844 852
33 745
692 446
481 754
784 319
93 705
520 256
459 123
89 855
73 755
613 838
822 131
742 788
159 171
924 886
92 768
737 477
864 780
922 344
534 705
14 626
761 534
233 572
8 322
426 81
428 390
918 249
873 12
389 31
534 664
268 626
431 4
454 294
783 375
990 668
431 3
293 544
888 878
115 896
199 892
328 978
633 245
578 505
608 966
887 142
982 154
119 764
157 572
58 940
946 399
607 728
401 252
271 641
481 737
888 679
628 215
8 613
811 585
117 419
903 4
560 884
509 30
647 666
601 56
957 898
454 915
625 207
518 248
199 998
984 86
28 964
300 35
576 110
620 692
880 522
47 791
757 556
820 403
573 420
459 529
317 264
443 294
822 961
541 20
310 524
105 338
839 404
372 414
866 343
458 745
864 504
536 972
411 355
375 983
127 185
863 795
448 658
88 622
970 628
641 279
152 746
616 990
501 340
756 718
682 213
463 898
68 350
869 831
56 595
165 182
779 28
977 579
37 64
200 6
44 840
284 195
937 252
536 438
591 643
155 624
207 969
521 275
318 742
457 726
336 621
259 115
648 235
693 684
651 892
41 694
83 677
240 20
928 127
809 870
122 315
845 328
284 718
602 953
459 58
678 794
31 937
260 678
523 304
714 525
547 754
570 630
430 161
1 709
288 809
578 409
123 423
88 406
492 42
711 950
99 388
95 129
676 355
159 199
10 872
75 557
977 645
186 407
805 186
115 444
346 45
204 468
819 292
226 310
333 936
611 783
675 705
264 351
411 774
901 421
997 327
977 973
971 514
731 128
51 198
923 396
242 479
215 412
122 792
721 806
79 331
940 754
35 555
456 798
328 708
218 324
34 546
649 357
59 379
836 461
208 169
588 422
580 709
214 652
866 644
982 806
397 369
360 204
166 688
911 735
363 297
280 363
653 338
94 840
150 669
949 357
190 537
778 769
597 343
421 463
987 754
620 735
122 979
939 639
18 201
725 733
497 4
95 501
693 540
340 842
209 289
198 750
177 328
518 125
670 290
939 8
44 558
743 517
889 33
508 258
585 232
990 434
236 437
934 280
976 626
122 536
266 319
285 442
998 155
566 668
444 857
27 839
414 121
708 302
505 215
560 90
798 901
523 385
689 808
665 665
433 138
552 698
808 189
491 806
343 409
473 138
265 851
329 678
972 36
332 476
602 243
917 399
495 439
136 184
247 800
200 679
937 103
729 744
291 219
549 985
627 373
475 891
576 803
921 547
190 604
374 791
846 291
541 692
729 28
875 327
827 426
6 115
529 86
211 819
304 111
804 931
484 278
173 411
432 93
957 621
696 682
763 893
972 655
585 53
683 811
379 861
237 736
976 765
821 538
935 125
648 738
407 483
367 579
893 150
770 719
883 884
964 854
891 548
906 573
710 637
785 946
372 112
62 545
649 997
669 649
86 427
131 805
5 24
954 28
576 76
99 458
959 62
664 201
961 921
773 670
557 910
968 281
21 29
825 670
25 493
318 111
919 800
915 275
175 220
655 751
295 753
560 606
166 223
806 126
144 931
147 52
840 114
332 212
143 156
881 167
1000 550
629 270
702 895
897 876
115 551
978 761
303 538
366 468
760 524
945 255
454 91
307 645
557 990
856 699
498 89
217 497
990 846
119 691
92 15
919 558
565 896
319 219
785 684
38 897
207 982
151 12
424 809
656 980
799 512
30 296
600 247
144 589
444 262
632 535
628 550
93 192
797 763
410 582
446 799
478 5
780 980
368 556
789 24
887 939
887 917
586 486
163 81
426 958
695 57
844 322
958 288
866 755
50 275
336 848
426 813
852 557
792 571
112 932
594 999
222 480
267 807
317 781
888 743
738 934
151 933
255 109
221 120
863 270
747 550
469 172
714 672
728 505
243 192
789 836
542 10
668 808
169 336
940 408
78 677
341 581
961 595
689 181
67 903
803 813
452 271
336 165
295 415
21 537
606 161
724 147
171 391
306 339
727 245
746 156
273 438
88 234
32 128
766 450
30 920
262 833
543 949
349 837
364 722
373 969
882 96
468 404
839 773
742 917
370 839
72 642
628 512
227 12
639 993
461 669
264 75
853 806
23 202
642 386
275 366
355 156
462 822
560 652
946 653
568 315
844 991
309 471
502 887
482 141
231 943
161 495
17 13
300 39
566 942
777 840
307 131
348 120
304 907
123 601
559 690
268 754
33 928
225 886
814 58
378 45
352 538
539 368
903 190
759 468
131 887
660 790
369 7
261 24
913 736
624 823
425 243
929 809
170 153
695 336
562 72
732 914
962 270
633 864
811 743
683 294
629 342
83 997
348 695
20 612
430 996
787 207
238 715
367 760
867 413
447 780
837 178
693 798
799 326
13 609
68 695
902 697
37 336
45 736
383 65
348 812
412 134
370 1
200 89
760 418
501 558
197 337
735 890
486 885
215 498
494 634
193 395
330 581
83 727
316 465
791 15
628 554
500 350
554 699
438 666
116 938
223 665
627 310
554 112
194 768
610 687
753 154
434 83
86 868
161 753
332 951
768 311
856 619
660 409
670 449
74 137
387 649
801 13
958 354
476 151
473 437
190 226
590 623
660 675
842 820
428 173
122 547
835 977
517 847
737 186
295 811
675 681
811 475
45 768
181 521
918 5
957 459
582 899
81 241
925 274
412 704
446 885
250 633
213 119
479 950
656 773
112 330
806 922
157 850
689 337
722 958
693 31
417 275
281 849
867 205
123 631
909 920
515 510
552 80
980 30
29 636
155 492
965 960
413 473
161 453
161 883
762 854
265 530
480 545
379 346
749 853
976 9
124 843
871 28
922 850
409 950
485 563
793 802
522 205
274 683
9 787
917 122
640 181
652 119
725 382
816 825
586 792
834 709
634 704
736 555
856 390
59 648
543 581
204 816
615 564
954 531
685 945
63 688
63 787
69 231
963 654
22 148
715 7
203 450
913 108
946 120
497 5
119 39
937 674
206 551
589 512
433 625
456 495
313 519
633 381
101 595
387 474
95 101
480 297
902 744
404 848
215 252
852 333
642 140
358 200
690 946
711 474
570 166
968 882
36 952
615 136
898 1
609 992
453 440
289 354
183 44
553 749
296 756
81 937
895 790
136 936
735 846
409 657
364 728
538 399
679 504
535 929
856 495
920 308
935 560
14 469
604 566
218 899
322 650
187 568
440 323
504 526
520 912
182 883
992 72
634 22
575 168
950 431
662 222
90 948
781 455
417 384
21 634
634 694
283 821
261 74
495 116
600 366
380 781
601 371
852 234
744 427
753 694
209 766
915 650
714 47
105 130
431 477
115 416
588 782
823 82
250 774
800 629
554 400
351 758
633 94
536 385
787 96
150 53
745 215
100 849
344 882
325 810
297 846
559 237
980 733
318 229
858 469
209 763
868 559
520 852
652 407
588 791
502 738
195 599
952 294
447 648
527 124
809 176
321 719
412 652
451 81
880 660
550 88
423 769
998 942
621 650
701 208
792 202
297 986
152 601
632 951
248 158
426 56
685 746
775 96
398 577
529 629
237 78
69 11
846 66
304 818
67 4
26 210
558 322
196 709
922 179
659 521
688 84
929 373
182 55
820 931
983 348
559 571
777 979
581 975
45 885
792 463
888 817
673 445
491 220
506 412
398 516
285 85
952 213
457 133
267 277
63 601
976 973
172 753
304 752
727 348
636 518
162 876
687 834
672 177
405 177
588 802
693 872
887 996
436 695
128 54
323 542
655 299
866 826
51 169
577 129
868 565
646 30
440 332
215 111
860 620
640 448
773 332
671 659
327 459
706 806
512 28
699 166
678 564
343 80
85 920
208 952
836 206
333 275
889 900
385 749
871 24
548 643
707 218
654 385
676 359
542 540
386 240
705 64
804 48
143 888
319 703
191 154
908 524
780 796
775 516
896 645
892 443
287 598
13 940
335 40
298 876
579 36
468 636
451 623
683 945
862 353
647 52
858 906
927 637
54 701
504 949
345 395
392 632
993 756
923 679
795 221
906 374
608 373
9 58
347 43
2 208
747 1
260 604
906 538
592 959
591 95
260 935
842 3
918 186
758 841
864 552
413 769
925 20
494 285
429 840
327 782
400 425
782 11
28 40
548 971
998 138
418 609
425 259
611 694
444 368
886 659
272 298
779 196
669 272
833 97
464 511
231 215
936 12
225 963
51 772
286 401
262 55
9 38
665 972
731 108
339 617
766 610
266 896
158 935
520 990
383 335
852 613
549 787
977 773
102 27
896 387
779 157
793 140
546 457
111 277
564 449
245 681
411 510
928 920
796 447
261 531
781 112
495 329
899 471
101 1000
850 997
738 628
505 530
119 51
986 229
679 901
678 275
933 440
784 860
359 932
307 619
814 439
730 308
768 980
131 220
979 980
568 716
959 73
597 78
475 934
306 505
834 335
779 118
126 914
978 484
197 636
454 10
74 536
318 193
515 448
413 846
779 980
913 737
404 510
166 230
443 824
86 629
510 864
746 636
130 723
471 326
710 277
336 136
812 5
328 678
452 740
523 582
72 436
318 827
945 836
57 739
659 142
367 520
358 465
155 839
539 978
516 249
254 851
384 417
207 711
94 10
803 617
591 226
52 261
52 348
96 108
86 106
602 805
625 311
269 132
501 807
109 16
55 714
219 790
130 425
853 223
435 655
839 25
880 242
285 931
589 732
391 675
837 344
831 814
6 99
945 858
257 405
873 312
470 443
453 599
868 305
821 654
959 12
30 190
253 667
473 842
398 215
868 587
558 698
400 915
148 696
772 404
452 996
67 921
439 520
871 658
824 691
311 135
54 692
676 307
358 148
500 108
714 719
694 623
768 445
537 915
492 660
670 295
656 737
215 94
608 437
103 431
479 413
917 533
104 945
191 814
444 690
921 158
760 966
780 527
762 669
441 253
328 110
547 335
198 113
780 805
549 882
588 27
646 504
911 750
800 101
915 244
142 835
401 901
800 532
427 561
200 219
165 880
681 63
566 878
527 346
683 427
227 622
805 873
477 716
974 277
168 888
520 310
74 272
562 225
803 341
137 3
559 301
234 239
715 799
469 241
144 503
667 723
124 823
947 600
538 272
228 706
511 747
367 584
18 280
160 173
620 296
527 179
948 760
769 662
910 589
254 54
91 272
128 566
94 426
518 632
697 745
689 559
844 407
142 861
686 653
385 306
948 911
836 895
670 956
908 580
545 161
985 987
432 464
553 525
889 70
508 937
814 548
495 657
306 988
870 992
640 254
649 939
165 836
185 186
791 92
117 687
252 101
674 35
916 226
911 804
295 419
92 460
318 938
117 624
277 338
967 916
591 967
206 107
802 390
293 944
481 409
983 84
862 656
118 777
233 29
933 879
799 376
338 116
314 806
91 590
495 409
858 86
375 63
544 176
453 188
472 285
949 454
369 810
461 486
938 693
866 870
923 664
246 612
132 911
770 574
500 264
983 357
701 709
772 245
885 576
432 708
860 380
513 228
541 973
66 479
17 283
700 939
299 297
902 782
207 671
355 59
935 689
415 987
398 538
231 634
113 15
341 973
746 853
552 639
177 969
469 193
604 168
483 902
465 384
683 23
407 389
81 341
430 848
327 179
385 910
812 850
276 504
822 373
708 725
11 236
46 479
428 649
999 262
550 815
997 584
189 403
324 270
95 753
469 774
283 853
683 94
702 310
949 875
682 8
952 45
243 997
875 22
997 225
283 898
39 280
833 228
682 156
849 777
261 317
550 543
521 584
989 575
245 937
801 926
297 752
322 539
100 549
561 448
773 843
345 164
474 177
743 508
685 591
636 297
259 185
191 779
120 179
705 364
468 506
641 764
609 315
654 709
863 214
508 635
409 853
150 234
381 892
741 417
834 376
713 92
912 904
223 31
434 927
746 901
784 739
16 393
53 670
453 915
883 960
901 643
164 51
877 897
294 617
313 128
345 378
571 256
633 145
639 66
424 736
967 207
474 334
951 526
3 403
792 238
715 693
880 230
95 756
126 740
725 791
219 69
168 790
324 800
934 314
865 357
50 183
916 523
517 866
401 871
621 192
108 335
236 988
564 682
95 42
422 819
832 640
239 351
781 915
150 67
228 366
423 629
901 690
152 417
556 552
287 176
95 747
862 331
734 425
364 180
466 137
351 649
777 589
999 909
503 500
975 83
866 750
711 766
439 214
534 994
117 172
521 212
918 382
894 3
159 257
183 976
394 533
625 522
473 623
782 328
475 757
762 340
858 472
457 296
686 990
642 154
161 514
365 431
896 610
433 54
219 615
381 964
499 5
837 324
980 618
651 454
726 412
145 583
235 601
231 272
590 872
426 102
737 142
532 632
104 965
37 322
931 418
285 782
774 121
457 105
738 459
558 464
222 702
398 456
654 628
80 243
499 857
697 236
998 580
219 453
544 608
774 827
377 410
960 150
530 416
255 620
874 164
435 95
218 184
902 871
812 333
466 662
189 514
249 539
93 468
991 637
427 117
815 803
526 126
304 408
541 558
379 766
74 165
212 291
348 465
513 159
798 978
821 986
491 69
524 584
888 867
572 314
983 738
468 508
863 772
915 755
681 293
520 754
809 83
396 157
547 909
315 344
238 135
330 729
556 205
664 795
71 587
461 53
676 928
561 538
51 827
292 732
472 163
485 280
245 881
436 791
141 751
135 378
237 816
458 144
20 473
939 91
59 399
143 734
678 55
623 729
882 266
460 353
428 296
984 672
528 420
815 668
522 949
398 758
116 855
254 135
328 192
225 738
942 720
472 971
126 446
699 7
712 510
711 139
806 695
163 333
466 977
353 987
277 750
96 392
956 349
878 283
892 455
21 185
526 844
156 651
641 854
10 352
364 720
843 521
766 5
205 231
333 557
569 961
658 665
704 614
365 581
248 609
387 620
793 912
463 948
563 104
154 572
807 869
643 649
389 409
5 593
991 337
502 912
297 511
576 352
476 292
933 724
900 319
343 45
583 158
344 145
613 497
716 419
717 710
420 105
470 424
50 461
113 903
724 409
765 651
113 241
942 397
964 194
67 658
238 649
167 581
793 779
430 860
550 146
570 969
603 391
392 4
851 504
906 574
265 22
576 729
262 518
125 577
711 191
235 300
192 753
880 984
532 661
196 81
807 117
401 761
507 144
1000 21
635 616
42 211
344 656
80 820
232 142
10 818
441 553
571 672
537 454
333 84
534 491
552 286
251 410
781 14
119 780
34 106
395 427
668 90
82 747
909 314
888 271
483 328
823 53
351 711
506 683
146 391
173 697
28 423
459 809
436 929
588 821
34 335
600 701
776 681
799 37
346 686
307 829
365 481
233 716
544 91
750 689
833 923
738 861
345 548
669 133
476 608
305 510
294 904
562 70
937 361
458 282
398 764
462 115
596 47
182 139
137 931
180 969
853 269
181 550
816 849
34 291
809 338
152 454
594 66
875 882
778 332
515 175
447 977
641 43
23 822
533 511
753 64
479 957
332 660
506 499
860 539
142 20
229 293
474 174
710 348
55 487
680 569
14 126
897 654
520 271
828 53
781 580
468 612
888 152
271 394
650 482
284 143
854 864
436 327
37 497
26 443
984 57
12 997
183 908
2 54
179 829
106 311
760 574
922 648
725 544
393 726
378 28
869 231
892 656
909 928
152 934
371 487
991 734
483 525
993 837
578 523
665 36
834 777
961 755
776 37
651 520
762 28
547 982
258 438
637 166
718 141
451 440
627 441
525 462
317 517
298 895
392 314
282 225
442 242
331 217
278 981
736 39
8 635
21 617
72 9
782 141
149 233
932 128
25 456
589 694
325 886
588 716
551 869
292 993
462 974
209 739
307 297
129 666
931 149
283 354
510 416
847 10
1000 778
137 377
234 77
70 558
962 657
625 865
877 268
857 338
241 417
428 547
713 556
565 995
57 847
701 566
614 547
927 614
324 64
990 557
140 411
466 454
419 442
318 295
709 526
984 302
942 411
848 7
318 764
353 374
962 53
939 576
599 866
541 923
281 882
831 772
292 649
577 710
90 246
356 151
771 691
452 65
453 651
71 770
415 423
144 376
828 434
303 426
299 843
700 931
76 531
703 719
531 279
428 620
877 135
122 647
825 573
711 277
224 133
47 990
908 542
365 735
975 20
160 626
214 212
556 290
742 610
8 272
241 788
243 117
922 365
115 99
289 826
727 512
310 773
853 217
666 570
303 641
589 815
266 802
26 173
443 119
783 451
742 23
590 984
491 863
700 605
961 989
782 688
852 92
812 705
660 478
274 315
118 214
129 735
15 506
907 458
624 689
260 365
63 201
700 553
63 400
510 24
740 291
63 943
734 874
647 746
703 272
60 172
485 540
906 852
45 813
661 20
853 920
384 268
472 435
820 534
186 681
909 277
972 971
220 57
197 218
802 899
490 213
71 974
104 328
825 500
140 485
519 345
756 254
612 579
689 783
113 226
464 373
503 787
344 722
843 892
939 997
790 428
561 212
754 665
540 930
164 31
767 35
727 874
288 338
453 328
473 917
554 936
289 56
74 984
777 268
875 67
616 17
495 177
228 600
193 119
529 708
150 647
742 876
521 30
566 973
357 38
241 910
325 529
965 398
513 93
665 739
160 281
755 6
809 335
957 1
453 485
60 954
484 802
182 4
831 99
328 539
136 568
801 812
448 117
209 312
210 225
51 721
857 805
726 665
491 682
17 944
518 77
249 353
230 782
708 60
880 35
950 367
954 750
178 754
867 386
65 428
963 115
500 819
272 577
836 762
610 204
57 479
632 306
832 861
87 539
272 319
926 222
685 231
323 863
984 541
600 49
968 914
515 467
85 786
395 920
900 4
475 956
483 107
613 314
319 52
204 591
722 129
164 406
712 486
620 695
27 572
95 346
165 569
99 559
840 998
563 315
306 397
773 270
62 91
673 265
33 394
746 196
800 457
34 771
503 412
342 950
757 827
911 273
747 9
832 587
359 746
253 16
142 25
637 555
467 310
819 500
703 564
47 854
372 80
977 875
491 318
824 600
496 86
872 243
446 703
829 156
800 81
171 293
457 808
847 923
469 18
422 171
581 821
377 953
900 353
179 743
22 2
342 518
439 213
760 884
268 940
40 67
20 562
712 476
721 910
750 189
927 524
712 508
344 440
812 243
792 990
985 165
343 678
682 781
891 441
16 158
380 407
576 751
969 287
578 41
549 328
230 475
851 293
334 546
732 145
140 875
486 477
39 180
154 721
960 44
513 328
734 129
347 54
767 925
95 315
604 676
142 454
320 475
351 403
972 490
629 457
966 667
989 120
739 948
163 604
627 716
848 361
196 194
766 962
470 212
629 73
239 770
878 558
244 228
312 567
718 940
376 35
607 364
154 697
663 669
300 290
736 499
2 931
45 767
244 866
331 872
939 569
993 168
479 589
396 790
155 465
730 530
499 688
245 5
384 908
25 36
197 760
42 282
316 285
148 646
509 86
567 853
253 45
441 1000
834 596
816 563
477 315
602 722
671 986
629 695
373 177
454 258
726 847
540 393
483 687
391 991
124 957
196 728
1 636
728 186
583 543
101 60
209 702
133 879
39 761
925 411
289 378
669 366
576 208
758 59
246 148
401 369
104 596
96 456
232 175
994 814
70 446
225 278
147 357
509 186
469 433
948 757
163 616
122 738
175 232
148 772
379 549
140 835
144 588
642 727
114 987
893 183
432 117
813 579
474 321
116 294
105 415
403 267
383 524
357 557
107 504
681 486
52 172
672 548
759 313
626 225
300 518
407 731
987 571
661 812
891 128
105 348
895 507
614 277
383 970
833 489
474 513
974 877
685 997
776 795
310 402
371 961
271 130
43 257
700 56
68 943
535 173
290 429
31 903
705 413
225 890
902 50
402 227
278 438
224 54
585 885
807 955
845 77
84 239
686 136
294 753
78 829
277 367
257 308
621 962
720 197
851 621
246 604
200 876
394 423
929 330
307 87
284 503
163 720
741 848
855 35
953 932
215 229
650 823
536 270
136 256
467 986
228 64
942 427
939 687
201 219
16 507
305 651
9 820
722 102
667 576
136 971
200 860
524 735
482 660
342 300
997 570
363 290
348 654
976 549
872 343
407 529
994 416
348 67
869 366
643 4
337 853
57 536
65 580
622 546
591 964
845 588
885 559
877 584
212 205
132 436
547 539
964 892
306 663
959 174
28 953
529 364
157 585
251 221
516 873
766 107
188 610
694 72
169 922
655 732
126 139
167 25
29 482
916 334
144 226
507 172
178 387
887 335
971 138
907 486
362 673
944 901
634 637
324 802
911 330
886 388
468 52
412 496
534 680
829 677
905 687
200 435
425 439
121 395
928 27
233 289
51 176
189 685
165 512
838 427
841 723
814 661
127 226
156 12
257 337
40 513
375 240
947 800
678 419
546 605
446 130
245 848
658 785
532 174
648 722
600 840
444 413
500 570
990 8
933 246
696 973
111 422
212 57
573 241
476 119
197 273
248 793
120 257
929 4
430 576
725 29
415 520
794 267
442 135
626 374
733 321
346 843
742 909
251 315
501 78
785 49
350 384
841 822
641 769
825 422
696 901
803 463
420 596
729 861
82 354
235 814
26 932
656 119
841 907
785 341
984 569
390 686
305 582
859 945
703 35
718 398
935 520
860 706
467 940
567 549
645 153
362 670
84 370
141 276
628 925
617 963
494 358
1000 150
291 858
94 993
892 163
743 178
683 602
884 149
894 802
49 538
954 763
560 389
132 700
665 111
624 633
73 469
342 425
618 632
282 63
625 526
226 367
55 260
320 938
760 565
91 809
103 44
571 14
785 54
713 449
164 688
433 588
157 774
12 126
405 646
189 381
171 766
99 225
25 419
515 136
983 605
944 437
1 514
450 785
919 514
585 82
202 369
670 710
142 33
187 898
678 727
279 200
492 377
425 868
147 291
4 482
247 299
270 247
813 72
383 731
585 319
165 138
687 186
199 828
218 386
78 896
112 356
95 956
84 871
823 583
513 178
416 760
477 685
6 641
756 389
723 693
59 887
830 746
72 381
925 642
118 2
537 581
709 983
536 145
854 711
727 366
888 494
125 716
178 483
356 286
223 431
978 281
669 159
26 93
891 951
734 8
304 270
589 13
252 476
157 457
186 235
175 426
728 651
493 257
485 201
894 707
631 871
340 299
382 717
391 272
19 124
632 323
745 220
687 349
695 843
157 233
429 331
10 508
334 502
764 818
702 10
877 684
880 568
983 613
284 725
237 303
201 868
977 945
439 663
293 485
857 450
717 285
132 78
792 817
580 907
987 633
916 863
317 148
430 651
112 65
375 348
367 575
567 695
872 5
357 516
965 558
849 449
636 992
265 567
899 251
551 166
465 219
665 246
869 777
311 596
476 29
522 43
724 393
47 80
909 888
645 225
446 493
25 433
837 642
351 87
892 901
252 709
120 269
954 340
397 264
287 224
645 809
266 368
553 665
799 813
904 795
38 701
640 62
133 476
703 835
562 947
88 165
7 207
433 960
898 829
576 185
53 572
345 670
939 897
686 89
710 590
884 99
290 523
512 775
998 567
609 559
865 696
723 871
254 508
182 504
688 109
40 92
680 384
114 970
632 799
59 693
388 942
791 30
464 655
221 764
723 85
812 797
307 417
304 840
920 992
949 959
435 980
694 548
950 678
347 360
370 86
301 513
467 116
167 622
280 387
386 2
823 549
798 129
965 454
968 237
797 268
547 231
248 241
779 549
918 477
908 639
562 560
151 381
675 317
2 954
55 739
307 877
287 104
357 604
909 677
840 705
944 738
936 543
978 66
443 247
542 350
886 455
261 388
835 287
705 837
240 759
927 898
988 214
354 344
169 262
20 360
967 316
97 254
210 427
319 653
25 212
354 262
666 967
650 853
253 354
41 845
464 967
742 451
532 95
709 166
411 27
833 860
280 395
638 950
399 662
161 104
276 178
70 925
30 323
630 422
167 93
389 908
896 272
355 42
324 63
559 734
441 392
945 720
138 582
21 536
244 181
639 519
710 709
795 92
31 424
513 549
868 253
456 763
525 162
156 848
576 715
933 16
458 230
735 595
811 755
482 406
287 120
276 997
180 70
440 562
845 952
110 713
205 918
827 81
79 335
49 564
670 858
793 757
452 604
863 285
361 150
404 637
498 936
497 903
240 959
967 444
876 145
876 954
479 155
608 879
71 630
736 863
386 539
818 248
823 179
749 579
815 246
514 872
534 362
126 774
320 92
569 195
589 445
149 67
951 108
946 21
89 33
236 474
572 53
74 394
583 822
972 749
420 837
973 953
199 98
726 518
542 647
713 130
91 213
548 393
320 845
766 761
878 1
586 449
405 659
842 988
833 166
88 604
2 60
908 200
510 634
718 403
280 430
532 722
994 431
114 313
276 879
425 153
231 11
601 636
21 794
975 853
311 414
808 313
474 716
864 335
701 581
737 332
362 620
53 355
50 518
20 325
749 444
477 979
806 429
966 827
575 292
31 885
706 839
197 531
554 61
865 606
993 953
937 707
572 989
61 973
858 432
298 606
228 126
937 33
907 902
211 481
546 242
365 251
80 562
133 985
974 997
590 318
301 878
24 224
218 437
196 75
220 845
681 447
971 969
832 229
870 42
709 767
283 73
17 714
986 149
50 311
497 991
629 149
868 4
372 85
440 568
160 660
412 192
160 289
962 381
331 22
148 965
447 516
679 784
17 728
95 865
71 75
14 938
78 385
23 870
304 534
881 716
77 338
801 236
979 115
968 309
136 467
273 582
335 303
718 351
31 812
567 101
238 580
390 667
317 764
536 620
297 768
687 725
458 488
312 436
602 280
744 89
98 368
23 432
671 740
134 53
903 53
505 140
632 894
806 300
10 694
920 658
813 606
383 270
445 694
705 46
325 800
487 423
168 509
206 190
248 692
242 150
744 746
641 727
991 798
27 1000
843 298
658 656
255 392
277 700
85 982
97 410
781 583
184 300
91 389
489 690
80 730
191 823
827 831
550 170
981 928
521 823
225 530
830 479
921 107
530 358
88 627
119 220
561 302
520 4
42 360
693 122
90 884
296 268
66 197
789 46
476 310
869 700
839 698
531 112
804 60
469 243
38 587
815 599
240 334
602 281
693 646
754 134
881 402
754 947
598 542
992 426
851 212
125 42
262 7
153 417
419 973
12 808
911 826
406 150
511 359
430 203
357 184
689 237
585 442
183 534
983 527
959 186
90 436
579 703
794 731
120 212
55 131
20 965
308 777
114 818
488 895
372 844
78 60
80 14
853 615
900 188
493 858
725 934
645 303
637 439
385 108
2 439
590 373
755 897
150 868
714 989
114 437
832 544
497 263
557 701
229 808
240 73
18 964
7 662
266 995
452 650
102 454
440 691
178 194
587 327
413 652
667 527
88 498
70 936
113 978
637 693
766 803
192 124
816 809
118 268
459 219
73 250
909 602
444 847
929 208
498 595
734 585
445 155
521 909
485 509
601 270
736 718
424 927
841 239
736 958
858 546
528 282
147 436
884 590
634 164
798 131
110 883
68 906
390 588
814 874
448 767
143 183
484 918
462 325
508 549
634 718
446 162
999 592
949 234
534 583
749 331
65 211
565 132
116 954
719 282
827 518
400 321
701 883
238 514
559 746
463 859
706 813
450 6
399 983
588 147
665 653
709 230
784 177
535 855
458 714
372 209
34 424
443 624
937 2
369 350
898 183
208 603
347 10
960 745
992 548
244 9
552 952
238 687
128 124
893 937
837 617
145 223
40 588
846 329
941 214
678 838
748 238
792 94
247 751
191 590
650 434
598 553
737 187
240 865
311 484
801 499
100 298
721 140
237 566
820 177
131 849
366 878
86 157
324 684
259 514
274 909
299 871
813 35
58 52
251 368
888 404
218 987
701 939
126 937
504 945
794 830
864 231
338 187
915 596
52 188
856 702
58 669
89 467
72 339
186 959
742 404
946 442
342 423
730 845
720 194
831 865
23 695
447 360
233 361
956 285
900 163
338 310
831 426
776 255
765 962
213 506
365 510
300 58
933 29
902 4
223 733
220 245
779 666
957 11
27 264
647 278
426 985
587 609
410 363
863 526
676 427
32 392
937 331
449 221
711 702
576 933
786 795
530 564
460 486
927 486
101 573
116 526
557 702
134 319
416 348
844 443
775 875
834 711
557 634
283 620
336 858
552 473
652 433
389 111
270 315
949 370
887 64
248 444
765 381
762 533
729 957
975 855
832 809
565 740
442 847
359 129
704 263
954 355
695 342
817 317
656 765
686 542
828 285
337 945
18 450
477 746
407 451
600 590
611 516
329 405
714 40
533 417
302 838
123 348
179 291
16 834
56 54
728 235
338 64
531 355
514 7
452 920
810 403
861 420
918 189
824 983
751 881
546 873
581 725
164 596
910 571
649 637
805 987
53 336
693 918
694 145
189 503
547 49
923 817
237 98
799 817
806 550
49 704
774 981
780 289
577 689
859 577
678 16
915 730
703 608
647 748
752 835
603 650
883 877
818 471
974 617
639 132
518 40
835 643
20 614
932 948
302 142
525 331
509 439
60 563
398 58
311 149
244 913
151 478
789 968
301 114
936 939
245 805
330 79
448 350
692 379
297 346
872 173
676 381
964 88
943 361
497 605
862 741
517 12
218 657
331 518
771 267
809 15
423 138
446 870
839 489
600 488
834 472
660 862
204 975
949 498
336 797
103 197
537 971
560 107
628 890
976 750
508 784
116 931
274 913
152 464
402 752
951 235
223 963
448 778
937 748
275 624
545 377
172 81
348 731
539 327
973 515
428 480
650 895
762 923
808 914
739 209
665 41
795 239
3 243
16 292
990 642
267 886
19 439
967 718
169 857
396 141
371 175
973 21
69 734
295 876
999 385
84 663
426 231
253 780
473 620
71 814
262 690
700 632
128 18
349 648
874 96
789 597
270 113
969 690
846 615
566 845
1000 1
859 425
231 112
204 55
83 627
869 344
316 920
975 443
937 675
90 162
770 230
758 391
342 726
81 540
341 998
736 692
998 594
116 581
57 319
987 140
835 612
126 162
406 414
836 848
576 958
77 685
700 771
763 780
662 455
777 397
146 127
342 261
931 45
890 228
252 76
839 377
237 597
143 425
444 718
382 872
754 433
642 516
213 655
322 341
51 467
819 393
79 877
143 10
274 384
589 525
459 779
253 48
375 395
472 818
464 205
690 570
637 683
437 201
338 759
894 740
132 656
941 626
17 214
9 605
90 820
383 694
867 110
441 690
927 256
894 968
825 882
3 262
83 692
372 976
431 948
39 915
955 979
540 971
544 901
927 633
720 662
679 938
771 119
627 49
374 872
369 199
753 371
812 835
62 183
162 492
482 201
406 437
531 298
759 75
198 686
59 269
699 737
558 469
855 184
869 229
55 237
779 807
959 590
994 20
124 155
864 957
355 621
393 238
918 152
312 467
189 722
87 887
459 644
707 665
179 575
245 233
164 23
392 122
964 385
142 439
891 357
396 598
977 788
835 247
291 498
65 831
219 504
717 677
147 423
694 678
350 938
262 513
961 5
634 276
741 127
715 632
483 110
229 812
249 415
58 540
912 474
370 130
977 439
159 476
213 852
153 562
789 766
426 101
771 412
377 511
538 91
142 373
552 722
184 800
136 593
691 399
66 413
881 395
851 39
870 415
242 374
329 382
139 754
483 909
517 211
420 55
653 913
427 204
635 610
355 122
202 46
521 619
810 401
13 660
791 882
426 32
607 754
413 746
860 247
6 376
457 425
782 461
338 208
664 324
169 371
797 722
416 317
341 225
69 353
236 859
587 13
242 193
119 7
290 978
253 296
705 62
720 487
522 409
46 538
84 567
908 881
288 675
549 628
899 618
333 486
828 919
498 422
463 616
428 753
945 32
48 2
93 119
840 967
528 885
504 963
451 411
843 739
85 744
718 335
713 50
172 540
320 669
313 783
637 92
535 933
124 934
934 568
52 773
534 931
658 389
894 460
799 88
550 235
831 620
921 543
21 92
435 341
761 747
475 749
839 361
681 314
294 615
881 345
739 767
628 396
155 521
208 306
608 757
540 439
728 461
333 749
904 767
89 664
514 915
764 704
275 797
17 920
411 249
616 149
15 243
897 522
763 456
827 723
564 718
513 292
530 845
40 434
612 128
449 477
394 213
180 668
9 548
587 771
148 202
271 515
797 519
36 911
974 214
633 538
931 145
829 813
342 220
246 953
699 46
429 92
610 960
759 970
859 697
740 6
250 363
520 46
233 907
957 207
120 941
96 403
86 276
215 779
495 812
731 193
857 511
284 819
822 394
788 680
442 880
37 691
594 909
89 826
167 397
32 287
337 479
41 774
754 607
552 600
770 634
144 978
144 779
796 317
348 965
815 385
8 408
645 96
233 811
492 617
449 828
95 841
954 201
447 505
800 216
139 296
194 634
74 341
951 598
276 298
914 90
34 921
497 30
16 730
841 507
698 641
687 792
482 640
992 280
496 144
496 634
439 41
620 864
733 570
813 9
219 727
98 605
647 595
634 15
676 826
873 373
467 559
516 300
550 860
579 46
3 426
31 793
818 650
8 551
571 821
559 142
899 656
746 545
602 379
559 629
557 432
1 375
342 869
674 244
728 252
641 82
30 23
226 847
673 233
397 595
405 955
736 303
963 481
200 564
212 758
545 768
541 545
142 235
765 167
830 492
770 470
573 799
492 798
646 516
383 394
111 787
701 846
90 663
679 289
578 890
398 122
9 291
19 502
877 783
668 706
627 437
175 199
588 18
349 233
534 731
978 996
869 678
841 310
692 871
950 270
760 348
743 120
990 761
621 866
896 640
923 522
429 449
72 16
466 420
600 999
502 577
346 723
607 187
32 298
409 982
567 169
681 310
640 670
422 613
887 317
252 809
838 32
609 262
47 74
681 646
425 535
575 770
257 181
308 640
478 717
621 397
237 301
58 876
322 479
840 560
148 444
720 337
475 328
598 522
402 631
519 178
517 445
947 125
977 607
764 455
323 737
203 911
37 260
786 711
90 978
270 589
421 342
278 895
669 875
768 422
857 639
599 725
83 898
849 60
504 965
866 178
701 68
88 89
679 225
151 120
202 773
709 974
114 338
869 782
564 988
556 421
626 506
497 61
403 346
120 258
662 337
787 362
756 874
802 786
451 953
905 4
725 965
978 190
302 198
323 866
185 878
638 163
384 134
223 138
831 694
748 492
30 534
205 137
408 7
922 210
311 826
213 387
143 542
576 444
739 898
661 276
128 650
438 511
784 12
1000 966
705 747
458 86
281 14
222 40
372 143
249 682
320 813
420 462
707 995
258 445
245 270
72 372
920 509
234 55
872 233
20 576
980 829
661 612
843 882
651 214
376 251
248 696
415 667
509 121
14 118
918 258
388 989
629 659
850 862
713 721
446 732
297 425
561 309
388 403
543 38
968 918
288 567
965 55
234 826
175 247
943 92
856 682
81 484
340 930
697 52
2 142
136 650
919 696
959 306
450 501
344 769
770 983
336 87
37 921
912 564
519 206
655 374
888 735
209 579
16 905
631 370
398 118
19 316
813 977
974 614
829 317
382 599
651 69
37 40
989 300
955 507
505 609
232 744
696 440
323 63
696 305
432 94
422 451
761 586
779 734
199 608
402 932
558 405
1 594
796 989
893 750
848 749
358 79
845 53
871 519
468 918
823 899
11 596
701 124
533 480
857 731
87 259
14 996
15 14
941 810
355 185
559 554
285 268
984 129
673 854
647 140
772 821
38 134
416 91
257 300
570 466
382 8
724 396
3 90
409 295
899 115
479 457
668 763
76 652
244 748
857 890
887 628
114 478
367 722
778 288
187 159
295 262
554 649
351 315
943 249
429 773
57 449
887 133
100 130
232 956
20 119
936 82
747 401
559 465
122 688
752 309
847 46
570 752
46 921
66 988
521 847
295 998
62 746
128 293
53 499
763 340
932 861
740 490
325 214
178 428
522 376
825 443
127 870
715 545
209 236
743 320
165 389
670 578
134 149
222 538
647 337
878 578
197 969
419 874
182 948
301 703
323 126
498 802
347 212
346 556
227 315
476 896
244 961
44 466
498 42
802 727
619 350
696 390
223 877
337 876
932 12
353 781
813 699
344 510
606 143
597 833
809 424
728 53
384 772
870 233
813 23
960 784
372 655
525 947
883 213
174 166
224 526
946 36
576 290
897 182
432 493
366 592
916 93
996 651
216 865
884 381
239 195
516 963
849 40
909 83
252 434
249 476
959 194
863 886
483 760
419 266
604 784
858 872
877 205
874 444
422 757
824 660
951 339
622 151
378 882
586 982
315 834
457 625
27 671
511 862
782 929
127 386
713 336
609 941
893 482
736 314
239 560
973 541
250 947
44 980
828 629
961 143
814 417
767 192
439 629
53 221
558 532
958 622
219 566
562 111
47 297
424 637
208 397
530 458
343 925
437 522
905 397
664 718
165 783
909 955
411 314
527 320
845 484
941 63
49 854
174 448
151 597
436 710
345 965
519 39
889 955
561 145
703 576
862 219
710 123
526 473
436 52
792 280
536 733
694 936
586 867
383 88
816 171
150 512
135 668
551 376
975 463
520 29
390 734
248 452
856 125
924 291
176 715
922 63
447 615
834 733
472 649
903 621
512 390
641 414
765 615
228 636
643 618
369 242
421 576
366 344
218 542
58 139
604 857
106 954
241 939
39 64
939 941
37 450
682 677
216 798
643 443
434 285
412 154
527 832
730 244
175 947
785 585
438 741
441 543
46 33
833 84
448 123
377 836
572 58
864 139
856 506
582 641
791 993
146 669
825 875
912 999
174 49
935 611
141 375
505 186
759 337
622 207
459 998
42 382
407 906
521 614
763 454
606 553
446 752
573 270
978 837
621 151
885 555
113 377
282 617
562 40
305 535
598 115
884 640
849 643
897 369
256 659
174 214
564 619
965 488
241 294
324 861
445 560
767 909
936 48
878 850
440 182
384 37
649 268
28 497
262 276
217 517
287 390
82 850
8 46
689 248
340 13
460 136
572 579
396 860
978 273
709 417
455 444
806 455
711 185
951 324
461 167
193 747
556 274
948 915
672 636
515 363
1000 974
498 924
552 893
783 530
518 491
298 324
934 455
778 997
640 728
320 100
894 512
846 801
786 145
715 809
780 229
171 132
555 20
55 458
264 837
339 781
679 637
104 964
91 881
608 632
181 853
495 378
5 632
522 72
440 654
652 610
785 206
629 191
664 245
27 2
25 57
990 129
20 433
361 980
514 969
963 695
173 457
72 178
89 946
601 880
951 252
490 87
458 470
277 473
714 655
826 91
711 168
219 730
600 579
61 113
899 375
159 424
832 583
953 272
880 553
151 830
804 992
268 613
814 544
437 879
550 263
969 612
430 187
693 381
118 106
845 368
480 4
791 663
586 743
934 465
647 437
646 803
780 913
415 593
808 204
472 357
466 792
968 247
979 12
979 448
117 823
815 597
178 958
52 545
579 699
333 576
501 112
840 267
57 647
470 880
3 287
671 322
885 1
334 863
448 802
38 615
572 9
330 623
553 260
673 237
836 173
348 675
440 756
674 261
635 28
548 658
350 432
658 35
647 458
836 684
72 586
898 643
594 227
617 498
839 290
734 674
814 433
189 373
866 175
401 765
832 102
548 842
488 194
299 675
877 370
260 127
364 205
705 980
702 543
621 435
568 435
220 268
39 760
992 256
934 744
20 118
845 568
959 684
113 257
359 342
978 970
468 341
175 172
672 876
67 293
663 634
79 882
253 469
641 245
725 926
340 96
395 537
15 353
220 128
961 930
469 938
900 288
630 74
811 302
301 877
946 963
511 24
196 115
492 188
711 568
466 51
664 860
587 30
213 158
157 525
88 977
463 987
264 92
60 75
745 712
303 690
675 165
713 222
280 557
410 990
476 875
392 491
86 978
136 29
823 575
6 637
561 621
80 972
47 825
683 350
514 709
866 579
487 692
487 962
918 230
453 3
208 973
653 695
1 827
621 358
463 181
979 894
504 25
718 538
726 584
247 592
162 529
88 648
220 926
961 137
156 413
491 715
737 143
409 738
969 381
95 783
561 425
677 416
450 394
953 527
329 199
118 490
727 558
489 298
483 450
786 638
214 277
352 951
771 112
40 740
492 134
874 404
559 550
819 360
296 772
238 624
322 356
466 401
265 306
698 747
107 836
385 321
112 88
623 882
200 662
973 691
795 199
95 705
100 265
416 395
36 654
371 710
361 188
110 625
493 807
723 952
642 459
272 105
547 246
339 746
907 663
788 53
861 882
110 961
499 525
707 534
530 429
243 242
968 704
218 813
863 941
764 856
399 387
961 945
632 651
42 538
313 830
942 526
63 51
838 561
928 544
447 457
325 41
51 292
745 268
104 607
560 867
462 959
605 774
255 236
424 297
125 89
478 67
966 540
117 803
101 44
698 899
853 22
939 903
666 683
170 769
641 730
988 455
40 592
228 646
180 4
942 304
444 771
370 409
311 487
563 763
882 260
661 734
634 599
988 299
634 510
419 274
591 758
80 630
702 660
627 881
663 921
184 458
691 554
218 1
392 780
763 625
391 423
359 24
374 346
674 7
855 445
632 797
202 64
426 903
723 53
783 737
973 319
194 15
224 411
16 967
542 130
591 932
905 949
308 278
647 981
636 853
425 619
650 979
682 427
881 756
831 16
492 155
686 685
170 909
447 185
875 340
666 465
272 570
766 579
847 764
911 834
616 336
805 617
314 486
44 546
594 874
913 85
381 598
122 550
858 568
86 84
260 751
549 531
321 666
461 519
429 371
353 44
706 509
661 371
346 56
269 939
281 181
24 661
131 145
210 340
64 295
424 323
398 972
205 718
989 665
236 417
36 940
812 93
448 824
816 794
879 84
732 512
616 755
172 98
251 734
438 667
380 861
989 777
184 546
494 172
210 82
940 597
21 751
42 469
575 857
614 805
292 345
316 259
452 840
357 54
573 146
720 304
6 61
81 541
606 574
64 815
7 3
764 28
105 805
848 31
13 461
836 656
157 503
914 960
694 622
14 266
767 733
570 124
793 2
664 750
927 79
917 934
81 680
961 538
836 160
568 200
620 755
855 128
610 768
88 303
742 453
921 508
537 842
632 682
843 647
431 769
726 347
702 158
378 14
47 213
173 615
412 144
721 266
624 330
386 711
633 127
515 553
986 51
394 969
732 588
616 163
356 693
861 410
202 239
423 249
803 948
215 215
91 935
617 217
776 249
695 290
153 681
693 898
1 424
485 616
938 192
660 799
601 214
389 376
814 191
323 380
405 765
666 589
831 282
157 606
882 852
248 386
884 292
283 884
715 119
852 5
311 863
155 911
76 543
286 241
733 960
620 490
725 286
430 907
567 586
864 801
789 111
186 24
402 469
260 469
587 111
473 249
325 627
512 401
521 149
993 605
109 613
446 185
898 875
91 816
461 954
968 601
417 154
625 170
974 884
990 912
346 814
161 670
792 672
70 312
820 415
917 280
27 362
816 276
589 906
443 49
212 411
1 628
564 625
149 889
508 139
800 853
952 312
523 744
983 944
407 155
358 323
786 736
37 602
11 625
859 454
25 70
864 25
697 779
2 198
667 861
336 818
714 639
130 588
382 464
883 789
970 593
463 756
328 851
709 691
827 567
144 203
637 359
580 685
489 581
882 155
441 569
972 506
208 453
93 941
917 328
81 886
920 896
993 599
746 701
289 573
268 784
775 256
494 706
940 982
286 174
488 79
94 812
584 653
264 29
594 180
708 26
418 979
921 410
577 667
111 218
591 730
1 717
337 495
423 276
828 60
801 316
138 247
127 74
899 390
454 492
922 161
870 339
139 790
748 67
456 210
284 398
939 637
115 275
483 889
903 310
948 55
625 438
301 751
511 200
493 316
43 414
476 912
752 966
54 499
32 509
61 316
259 351
952 373
626 434
261 880
95 560
286 720
997 939
822 859
138 314
174 532
79 1
796 830
966 849
681 350
709 741
665 967
91 968
691 68
753 951
299 847
863 937
918 859
875 92
70 364
757 595
895 836
596 42
665 913
890 697
262 951
789 278
917 232
245 608
299 349
548 772
886 465
983 112
556 52
475 313
646 721
500 593
763 516
506 4
213 767
954 353
45 223
584 641
182 235
990 91
184 537
863 421
353 845
532 261
248 358
925 245
430 424
838 544
939 343
548 503
461 853
856 857
427 439
850 608
673 839
699 208
727 913
980 431
109 863
691 356
220 967
600 650
390 789
193 329
131 92
183 944
297 38
152 723
477 1
331 501
191 381
61 269
293 40
700 401
903 742
108 474
709 59
475 98
848 20
778 330
463 961
273 759
998 425
482 826
425 164
327 616
544 387
884 836
778 935
588 32
677 47
506 385
105 332
834 304
351 964
634 814
924 906
924 273
682 757
99 459
920 777
426 815
515 661
2 644
596 589
676 624
987 181
360 92
512 193
395 215
156 380
380 431
286 303
704 319
60 154
282 554
794 796
215 147
439 810
736 466
785 722
646 144
165 510
336 912
76 844
291 455
274 928
757 329
599 816
482 375
147 763
281 292
438 701
656 525
166 440
599 164
583 115
673 270
26 748
465 669
554 91
948 310
419 546
478 253
273 976
15 553
47 56
977 54
933 494
493 531
657 427
645 681
48 23
780 513
43 333
603 990
643 21
536 472
273 808
447 640
360 65
916 758
120 244
811 52
737 655
934 746
81 579
426 128
953 206
640 995
890 594
984 532
615 871
355 239
678 801
230 389
865 145
498 337
740 308
388 829
962 322
574 394
252 999
522 556
556 513
902 446
107 237
329 73
108 684
663 137
836 893
878 53
389 375
389 129
35 128
957 996
801 882
232 263
959 788
127 860
585 585
449 265
657 556
300 320
44 136
564 921
188 952
296 928
432 330
55 388
677 856
621 418
259 853
32 570
992 511
429 928
95 229
192 752
784 492
423 828
979 986
100 518
937 395
445 369
76 851
108 753
58 81
522 317
933 554
886 276
64 666
203 158
895 746
261 30
237 35
209 567
372 309
436 661
703 232
29 779
83 488
883 140
920 404
309 45
479 372
63 33
882 957
779 494
338 367
881 547
934 252
855 721
912 909
953 292
39 35
132 273
526 51
677 686
255 985
730 85
709 792
118 942
100 896
787 438
262 667
336 547
919 542
268 182
450 572
474 841
958 605
113 483
7 141
168 261
126 250
41 463
127 493
710 913
930 323
932 265
870 850
158 489
31 607
60 856
799 17
460 264
851 467
404 371
79 881
620 776
66 12
238 544
504 299
809 785
622 740
401 843
589 558
683 971
517 94
827 315
462 638
578 312
456 334
34 887
214 653
662 280
17 252
823 520
550 631
305 523
722 57
365 310
615 399
633 131
492 811
797 953
448 727
617 256
60 650
142 273
655 803
552 671
54 727
542 956
709 198
478 431
255 195
92 869
593 76
351 437
886 147
741 686
873 357
941 284
7 82
557 13
236 460
683 642
538 576
597 599
774 426
29 380
972 472
600 917
548 950
353 785
448 93
470 673
802 410
956 808
843 864
172 79
324 854
72 861
781 668
459 554
445 839
285 417
663 884
333 562
185 37
346 633
129 168
657 930
929 612
89 772
476 260
202 151
465 273
363 598
292 822
503 88
12 788
504 26
671 188
587 208
224 285
452 848
986 380
459 75
151 286
686 704
788 503
328 151
100 971
324 602
59 335
741 914
713 764
102 299
971 325
583 162
381 34
9 367
766 819
793 268
105 830
972 244
332 651
394 783
622 717
737 680
404 829
593 116
592 46
766 562
371 349
723 103
734 731
469 499
902 261
767 358
91 90
601 774
740 995
909 713
63 997
392 818
825 337
933 417
382 51
330 104
399 53
207 484
135 675
335 36
288 453
393 730
542 994
503 633
340 763
346 754
759 89
572 584
777 856
352 159
906 681
614 656
733 172
140 220
199 826
255 486
278 1000
567 819
345 69
803 36
832 148
789 942
589 360
525 365
568 876
875 473
557 841
481 641
12 972
860 210
797 467
818 613
244 162
34 46
197 217
546 337
158 486
697 35
850 616
262 77
88 818
917 920
811 928
891 22
490 687
488 888
112 657
853 355
818 886
102 650
55 611
135 103
645 984
718 259
60 157
76 976
77 238
256 967
260 97
654 99
984 765
756 836
472 925
721 224
643 174
225 697
137 359
799 133
694 516
391 106
672 819
433 748
56 688
67 667
784 720
766 768
836 521
955 659
797 28
234 439
201 458
135 689
816 933
822 510
800 212
615 472
382 47
571 438
87 637
104 870
708 221
989 896
741 296
554 538
323 788
976 523
245 463
564 413
747 385
922 547
948 888
370 330
934 292
119 372
929 574
242 988
795 582
235 887
877 789
424 199
928 752
74 172
566 989
936 312
373 857
858 672
744 579
353 30
871 471
401 151
397 994
490 191
928 725
77 156
513 853
707 792
956 132
963 521
120 251
832 844
107 42
515 203
620 868
584 490
690 336
992 86
682 482
628 609
206 705
116 718
557 822
861 512
953 175
384 424
425 215
267 532
256 782
86 228
1 669
69 42
4 61
480 685
542 107
645 747
811 761
816 719
934 676
582 887
850 965
310 275
532 929
158 139
62 243
366 62
263 435
455 618
495 934
303 388
393 299
134 203
411 301
274 345
328 207
583 177
172 892
803 55
172 960
193 233
554 559
646 816
345 101
434 191
386 88
578 778
386 63
333 797
363 606
493 690
164 75
218 335
318 21
389 490
332 934
722 886
492 368
701 188
468 486
378 205
573 307
983 311
369 315
107 83
272 951
124 435
25 341
122 342
713 862
831 45
795 553
282 638
272 982
177 91
468 554
295 392
212 277
702 932
943 160
14 566
110 489
353 134
182 474
476 894
687 658
290 482
210 571
471 833
905 648
923 724
553 218
115 765
846 817
696 789
976 62
706 86
550 58
219 731
883 46
625 570
704 266
403 265
837 873
98 93
872 20
816 425
589 930
189 435
746 236
575 722
297 280
159 847
690 377
577 572
775 553
141 478
171 895
94 359
768 543
451 639
915 266
415 503
195 955
937 293
191 863
14 839
143 172
685 832
900 614
755 26
855 688
142 949
46 261
491 848
900 405
113 666
260 660
621 196
952 811
411 317
649 553
840 686
736 739
651 842
117 168
89 971
208 231
271 605
491 114
453 742
870 917
760 129
576 380
677 527
542 87
843 542
991 682
579 78
773 229
919 889
749 8
211 308
590 482
912 432
595 716
526 464
633 285
593 208
664 621
87 557
707 929
98 697
963 677
774 87
257 44
327 5
403 537
664 992
370 576
776 964
643 301
780 275
585 724
835 600
344 921
156 50
201 605
98 515
633 223
601 242
266 279
246 669
168 262
12 537
189 787
853 831
87 632
458 23
707 644
974 50
564 129
451 116
86 548
983 70
122 935
311 387
214 909
407 733
170 771
269 358
909 473
188 348
104 997
370 810
640 344
211 555
824 661
671 261
560 5
331 681
939 641
420 504
549 178
236 70
948 505
427 857
977 967
204 433
963 925
594 955
268 805
509 444
817 531
704 377
535 386
57 826
379 476
329 927
654 565
349 953
421 775
809 749
93 364
533 408
289 127
362 908
283 870
703 99
753 759
827 287
144 884
112 522
711 793
801 716
357 149
669 129
275 829
877 368
545 410
775 833
888 136
92 522
357 795
972 109
905 799
748 48
34 211
922 744
3 74
812 711
222 832
839 496
12 68
215 556
829 341
740 716
476 832
589 185
978 560
645 882
358 392
281 391
955 202
487 957
275 298
20 848
696 140
277 910
48 457
251 787
524 78
970 112
614 947
672 259
180 381
2 461
772 956
14 610
913 289
907 284
136 387
493 183
878 122
93 277
578 695
64 454
124 33
565 738
332 236
348 511
617 349
323 740
305 337
349 569
625 607
852 112
345 696
295 574
169 739
851 99
785 914
552 908
298 116
997 981
704 344
492 320
693 166
411 997
502 759
565 478
717 768
590 61
463 236
986 632
974 836
82 758
101 633
17 399
748 14
379 803
357 222
122 49
388 884
397 241
642 961
719 710
728 308
122 543
895 108
526 220
943 607
329 44
239 345
794 338
358 524
141 67
98 614
467 837
498 864
77 491
824 795
201 904
454 674
446 348
781 971
567 724
929 895
119 167
592 264
856 301
139 348
367 236
314 834
72 811
49 149
653 224
295 205
127 749
879 924
448 659
246 15
734 174
261 204
692 852
819 900
505 958
247 871
193 560
56 617
722 456
117 727
680 411
931 806
159 161
82 607
172 327
973 905
501 585
461 544
789 279
443 293
588 42
515 781
953 923
749 27
378 865
753 57
275 35
215 786
196 296
392 719
622 716
975 474
652 435
370 440
66 812
84 653
205 599
785 158
873 533
184 250
397 288
659 24
322 873
809 869
520 552
587 141
267 562
967 918
348 336
710 765
499 793
418 704
743 202
861 615
87 396
217 835
683 875
858 356
99 666
225 618
217 163
758 835
76 76
105 776
411 814
540 262
606 957
965 701
511 177
315 949
572 531
783 254
405 641
961 503
306 185
472 523
700 582
709 775
657 813
550 420
626 442
681 584
398 997
284 260
173 598
208 744
481 991
349 885
631 309
740 288
846 211
162 545
792 871
671 801
683 573
220 661
14 252
244 763
248 879
23 420
476 582
515 308
924 863
545 554
523 636
194 720
846 707
577 639
142 612
211 361
272 576
964 867
690 211
745 64
630 572
646 496
880 569
710 776
475 232
411 668
304 608
726 919
597 303
557 90
266 119
450 889
694 413
755 736
975 851
799 956
774 444
451 5
13 160
780 839
744 190
858 47
798 583
965 746
237 874
836 502
992 637
742 38
402 496
773 376
698 571
332 824
15 134
828 379
294 960
569 389
501 426
435 298
360 751
396 597
624 583
450 968
571 192
5 972
39 777
700 737
347 383
560 713
516 739
443 161
698 11
901 199
788 687
848 148
438 595
744 413
177 545
736 736
71 775
512 770
511 211
504 422
275 20
160 70
532 210
432 433
760 220
119 607
367 908
202 462
673 730
6 404
829 742
140 900
868 3
21 730
565 525
151 192
896 662
261 427
223 692
211 982
911 682
941 629
589 494
442 613
223 800
17 52
893 156
303 760
510 323
489 427
847 639
618 742
652 878
521 875
921 731
208 832
764 148
812 353
641 254
965 216
53 333
267 945
840 569
56 350
243 544
776 90
534 745
831 185
622 703
411 542
434 619
725 549
118 889
901 759
142 218
974 546
550 592
842 742
512 249
443 754
195 325
314 378
861 287
80 624
180 865
594 257
414 711
145 666
469 638
235 794
535 137
737 376
878 600
976 320
354 767
443 202
277 655
840 357
278 19
573 871
275 986
582 419
4 402
56 238
548 590
374 284
317 251
922 589
410 810
488 852
363 117
507 202
473 136
573 397
7 847
735 940
618 738
693 25
975 240
967 349
876 635
951 111
927 873
51 688
34 890
892 397
6 750
950 830
885 522
227 243
721 961
182 338
698 227
362 24
466 328
372 693
963 675
155 241
899 205
280 932
95 171
680 100
920 630
930 805
503 156
47 223
468 581
560 165
807 274
540 624
953 264
317 915
938 823
507 836
28 787
767 122
957 447
573 229
428 854
33 930
361 431
153 828
11 64
344 169
337 884
793 642
147 461
556 436
283 415
271 310
553 389
783 861
187 708
89 966
561 121
896 922
904 400
101 914
463 445
435 152
680 227
793 826
687 700
613 321
466 235
983 18
623 117
879 162
824 967
479 737
440 374
10 343
125 110
608 940
906 42
91 585
762 658
286 374
979 104
608 313
121 583
429 351
744 605
670 574
341 461
948 350
803 424
811 762
363 717
156 805
301 127
391 63
785 677
788 115
427 252
978 855
955 73
459 624
646 151
84 945
852 238
369 663
351 731
379 506
888 31
633 278
445 769
306 233
883 437
628 309
689 957
29 974
618 26
476 701
971 328
938 691
990 288
773 720
146 660
750 130
938 195
898 243
427 780
32 406
440 720
362 954
714 390
279 331
767 755
383 737
434 320
427 775
959 552
494 456
211 595
585 500
141 834
95 919
965 126
324 404
197 685
710 910
426 340
592 193
446 974
281 879
645 60
653 955
611 498
411 821
445 347
673 937
181 767
856 497
892 531
253 88
568 962
349 993
301 940
537 747
265 170
977 909
229 982
863 191
831 625
363 275
972 35
212 504
153 419
352 44
949 604
483 516
565 183
861 218
474 749
316 738
918 292
998 498
273 213
688 104
837 403
730 160
437 293
663 590
711 367
985 12
970 820
527 887
354 387
104 828
488 771
917 405
62 267
255 687
479 294
142 315
696 223
827 485
516 489
426 226
207 762
237 177
581 116
63 287
854 518
114 341
288 382
98 701
648 704
739 478
997 880
145 693
103 971
177 970
811 954
547 18
715 136
194 296
251 608
582 456
125 47
797 764
780 246
464 780
949 555
257 945
434 401
989 888
371 517
857 534
470 404
551 185
891 744
832 141
351 765
596 827
811 744
590 942
341 405
721 289
959 330
586 745
82 574
984 805
91 193
338 912
96 838
983 927
330 685
691 277
511 853
21 452
147 713
208 219
2 519
548 587
615 630
512 598
786 954
142 123
866 89
10 313
278 344
592 607
28 282
884 538
487 256
341 633
968 548
851 321
66 751
259 680
732 771
630 517
76 771
991 293
212 352
606 489
695 197
448 722
830 683
611 316
938 951
300 257
850 503
578 916
605 188
947 688
310 576
204 386
347 546
30 558
897 635
398 591
183 845
664 13
527 626
680 816
928 332
73 777
186 2
44 790
541 991
477 851
566 32
588 264
577 617
173 473
252 571
415 434
767 430
798 294
55 830
461 982
161 885
110 346
886 154
135 779
144 963
629 61
994 216
325 922
184 497
746 787
67 160
221 834
589 370
479 995
199 939
328 359
824 437
56 61
590 542
839 85
504 819
146 849
386 470
770 570
966 867
356 385
26 928
570 966
298 400
312 848
338 639
559 513
76 614
574 665
156 764
750 11
583 247
212 968
716 333
200 245
769 577
172 338
543 821
737 854
21 427
845 579
939 920
544 864
936 51
628 37
62 210
283 625
529 998
957 418
383 508
14 151
85 537
841 979
358 577
184 730
355 28
308 294
947 851
157 883
254 784
919 667
345 202
291 226
551 599
995 933
107 8
436 191
896 276
169 605
852 352
334 207
732 641
852 678
844 8
912 449
144 831
115 840
384 405
65 286
3 411
571 109
418 6
651 666
281 819
270 484
523 604
42 254
596 893
283 439
253 195
239 396
377 353
587 760
109 4
397 112
414 967
572 184
972 575
849 252
745 118
88 267
721 129
872 317
22 507
107 626
701 346
373 429
50 959
540 159
962 936
270 376
903 193
911 874
767 759
478 512
876 565
130 949
45 354
265 66
860 723
43 912
420 415
340 470
374 879
628 687
814 249
414 68
441 324
942 560
82 771
423 310
687 904
258 731
257 874
149 468
596 191
379 16
958 718
837 683
948 464
369 762
712 783
829 504
106 122
415 540
244 837
849 930
741 106
13 349
979 161
817 926
703 547
293 660
265 129
342 212
592 711
325 655
845 506
159 950
979 573
841 223
762 689
152 854
146 516
554 476
676 370
754 379
269 46
38 885
175 380
448 118
442 773
773 286
630 283
587 608
207 428
830 320
468 334
525 966
849 79
441 525
800 546
255 68
592 292
952 118
23 400
587 816
524 711
101 153
345 40
760 552
819 590
223 638
275 748
603 123
826 396
999 977
941 253
45 532
897 348
1 271
747 588
87 270
650 539
774 995
578 534
546 396
475 120
34 749
867 988
871 44
383 870
21 324
474 65
207 370
412 208
641 511
147 727
132 796
265 906
790 195
439 687
942 265
807 327
13 673
315 883
717 697
104 89
372 578
153 579
947 916
138 939
778 636
17 910
783 634
815 573
828 605
611 769
869 417
448 881
442 762
115 510
598 182
112 446
369 601
385 147
236 401
56 370
34 222
294 213
178 905
982 398
673 429
630 466
542 744
327 351
314 276
884 461
377 995
259 98
947 643
244 534
395 651
904 781
224 197
993 753
453 326
150 126
106 779
591 647
874 270
350 188
545 233
1000 274
580 258
371 526
252 966
412 647
968 315
427 543
863 771
295 316
97 444
793 202
574 735
201 447
4 550
986 549
134 986
822 713
595 192
591 199
509 2
197 476
668 975
18 882
745 312
197 841
107 989
395 680
76 595
478 79
496 464
627 629
801 800
694 747
991 284
945 851
637 141
326 656
115 695
537 860
6 86
52 464
426 798
495 501
392 973
932 239
788 558
868 588
358 561
686 700
196 631
551 184
123 228
191 238
923 79
449 280
164 852
744 942
650 238
794 393
562 725
632 701
635 851
763 326
43 958
308 945
493 430
173 683
19 447
761 467
726 277
671 469
218 320
59 11
64 972
736 695
673 370
545 664
713 659
989 107
616 296
404 460
726 928
142 744
374 255
563 99
531 233
920 748
904 330
110 967
653 197
14 677
918 910
341 630
569 329
89 184
977 492
644 702
419 137
797 144
391 711
242 921
943 513
20 846
194 482
165 847
678 178
523 596
87 215
577 655
896 665
191 872
508 186
925 278
674 721
421 65
432 15
337 726
879 357
924 73
838 88
271 867
265 145
462 703
360 39
710 255
55 900
126 563
437 50
840 110
122 613
526 905
979 863
631 857
571 554
281 760
641 551
626 257
696 88
311 55
478 20
661 532
271 138
94 707
187 286
169 660
250 694
565 228
556 195
84 126
748 365
237 740
267 863
348 962
950 658
368 779
678 28
310 300
165 756
359 703
41 527
715 290
220 279
869 128
473 304
605 572
20 842
663 287
704 10
600 5
19 968
783 48
347 92
348 864
847 706
918 239
584 632
880 803
910 748
282 734
404 887
657 423
80 319
709 783
680 661
139 699
628 921
98 326
364 445
189 563
502 459
153 85
90 33
240 352
132 873
85 887
759 742
310 838
412 370
972 92
30 110
142 9
382 239
335 98
36 875
12 889
333 164
326 775
548 565
126 32
437 210
918 548
303 227
737 715
949 709
806 330
170 299
339 904
537 25
1 924
165 584
175 490
358 75
406 483
106 194
692 23
741 995
602 830
61 550
890 866
231 411
164 569
314 52
593 666
328 844
677 492
981 784
278 738
618 735
931 661
757 24
7 358
853 67
259 742
284 490
152 799
410 818
203 355
483 530
198 160
373 976
715 353
111 344
90 80
78 372
740 186
395 747
896 247
813 506
340 449
995 844
247 757
661 449
111 143
978 660
654 702
987 720
54 449
63 495
528 492
867 267
678 613
365 573
860 530
78 199
978 425
42 224
533 702
25 995
197 2
654 850
704 992
570 109
440 984
956 967
476 174
585 505
786 950
429 997
479 506
196 456
282 589
31 814
643 55
808 839
409 813
40 464
156 961
924 595
945 231
913 772
404 498
276 542
447 704
538 277
561 85
732 195
26 114
360 668
169 520
858 577
684 897
392 840
210 315
786 154
546 699
277 301
548 904
842 346
959 732
622 871
816 705
65 841
818 777
860 986
296 717
914 979
966 305
170 175
620 956
680 165
6 956
465 553
211 659
898 169
390 519
39 557
575 456
398 392
232 257
730 879
326 643
857 291
948 379
465 919
334 144
435 339
451 251
891 661
909 140
829 650
10 219
207 584
26 956
327 609
564 56
487 889
699 696
179 998
74 643
916 407
138 350
97 588
952 339
248 861
830 428
510 839
647 68
774 24
23 100
633 587
156 119
475 206
814 6
203 239
1000 118
997 138
819 93
725 770
783 325
982 612
752 844
450 750
911 575
774 286
675 406
872 182
876 698
387 42
703 589
280 703
58 277
192 876
721 268
997 504
592 331
115 344
174 917
445 84
491 218
721 165
975 592
346 203
642 84
244 696
672 523
750 729
151 941
956 872
209 305
727 800
635 841
495 808
109 940
243 600
509 964
116 836
907 814
38 548
897 281
244 569
155 993
649 658
286 957
881 494
261 607
645 247
799 492
54 908
431 648
507 291
963 974
478 870
787 515
769 684
147 364
604 654
709 604
311 994
560 191
839 172
797 483
418 947
974 823
854 756
471 712
399 433
686 876
654 824
743 775
507 889
138 462
542 846
66 204
191 977
394 29
149 542
864 566
489 189
389 342
945 211
406 695
995 91
570 1
266 664
775 125
553 912
586 446
110 3
650 652
980 395
33 480
937 896
397 425
84 137
118 380
347 523
426 694
965 996
694 231
659 468
707 563
731 292
361 192
647 10
844 978
404 876
457 692
123 205
116 558
342 586
938 688
460 363
733 777
710 426
893 713
635 976
356 995
167 354
356 362
331 112
589 139
803 711
344 271
269 685
208 558
724 667
272 457
443 334
882 801
406 127
865 392
102 573
926 94
982 257
557 922
747 712
633 90
334 253
126 541
162 850
207 433
658 2
118 891
154 523
17 19
915 470
943 653
442 868
98 775
476 655
366 680
312 699
932 438
591 93
639 149
878 648
150 995
538 304
870 907
674 784
728 616
788 169
835 885
943 311
891 639
533 608
318 196
306 602
985 248
694 975
397 571
918 160
201 787
66 226
922 793
841 61
314 28
297 256
338 188
246 222
795 916
769 453
869 754
700 562
728 96
485 350
994 754
861 546
540 278
772 813
422 964
873 735
991 169
343 328
708 940
901 503
207 670
307 75
775 6
989 502
454 825
203 799
578 415
344 469
692 115
281 114
79 505
200 421
673 542
749 381
834 1
235 40
670 541
898 103
298 703
927 852
501 504
267 845
324 310
311 604
423 741
108 975
162 132
868 262
864 701
262 450
741 284
342 855
79 240
957 376
294 235
580 147
90 846
991 413
155 653
16 930
394 475
904 555
958 771
816 822
824 429
271 564
712 613
418 791
204 726
518 849
312 97
995 401
294 337
813 801
990 180
82 735
6 337
289 963
107 456
784 282
236 407
845 948
371 614
90 574
339 959
774 2
408 769
402 701
105 566
853 446
745 934
180 750
270 820
65 729
627 200
10 863
606 855
162 328
468 251
253 159
561 27
160 968
795 914
21 251
479 873
49 576
159 228
677 428
400 741
508 26
941 518
240 898
724 401
578 543
3 830
53 564
856 213
883 2
478 903
253 956
128 301
883 286
880 560
65 631
300 573
657 592
442 896
842 517
649 419
59 651
248 112
214 456
676 97
457 153
351 61
460 830
713 343
115 593
902 532
575 553
456 231
497 897
479 690
413 127
108 823
777 707
934 343
162 609
791 971
113 493
31 573
323 96
267 789
688 520
320 614
72 775
845 920
23 675
609 787
153 716
610 281
775 895
623 288
856 765
258 968
258 641
892 580
736 510
368 775
29 40
388 101
166 584
372 541
610 981
327 762
48 288
395 174
183 17
462 38
134 71
357 391
63 249
970 798
110 689
924 139
80 664
591 246
599 962
786 209
942 464
322 342
752 716
515 934
85 328
323 218
399 679
608 461
279 929
611 389
969 886
879 49
549 469
294 148
430 431
708 724
894 29
65 645
97 931
930 181
259 252
398 657
283 357
469 913
637 431
653 605
317 531
653 865
999 298
364 781
728 71
504 622
618 548
850 900
80 460
503 829
468 785
185 937
50 173
367 702
777 683
585 782
900 583
79 263
363 159
686 218
780 137
489 749
36 691
648 115
150 151
943 618
287 479
906 336
3 272
390 779
307 974
912 558
908 991
172 271
501 857
840 280
345 329
380 380
19 28
846 520
530 140
137 816
970 394
152 972
18 893
103 324
866 14
233 773
356 404
395 856
261 587
487 605
915 867
337 285
246 182
804 775
322 293
590 291
686 93
263 703
985 717
378 202
730 962
327 438
366 721
293 978
659 132
582 925
350 918
209 595
452 365
721 773
9 662
63 46
755 677
101 91
393 830
645 475
792 971
912 157
43 204
134 702
335 67
626 684
337 187
630 788
551 350
912 911
12 974
956 118
3 56
560 395
886 204
869 677
174 132
185 569
336 670
270 22
736 247
58 424
433 39
211 335
741 474
245 752
448 553
221 802
608 780
196 845
984 417
521 509
548 57
77 235
726 698
609 814
945 18
237 729
56 800
64 796
273 660
899 72
212 119
873 820
251 421
664 234
189 537
94 88
593 171
323 671
220 283
484 164
652 72
893 59
871 308
207 496
967 105
567 179
576 792
350 178
212 365
763 400
901 856
839 846
378 161
516 598
795 351
113 446
422 357
505 293
664 711
140 631
167 706
161 94
497 510
271 60
874 33
811 127
889 650
972 618
162 839
215 957
189 680
754 610
36 258
254 700
320 393
682 839
451 842
932 299
351 203
359 576
587 169
702 475
818 25
445 332
215 659
288 755
690 393
365 726
3 970
777 322
715 458
160 517
299 444
815 1
998 525
928 584
694 982
411 863
358 855
194 573
865 833
327 555
226 43
280 228
365 56
901 79
865 413
947 515
856 761
515 853
286 794
788 331
775 198
545 133
52 91
705 917
923 383
471 500
727 790
509 980
220 373
392 166
887 599
278 753
451 915
546 590
245 673
788 142
805 839
232 861
755 506
243 577
6 20
678 84
161 538
63 732
910 806
249 148
404 527
900 206
793 798
796 38
470 583
531 274
421 762
486 528
267 80
456 624
100 486
708 612
23 770
344 285
576 944
432 331
822 684
537 615
481 332
4 950
914 534
575 686
295 412
213 913
491 21
537 942
506 244
554 528
365 249
812 292
544 244
623 366
927 511
980 759
842 335
708 755
868 634
792 514
45 357
778 887
377 314
829 882
909 734
761 626
334 573
269 877
168 243
594 446
753 925
204 594
259 263
700 478
248 844
343 292
200 121
530 576
786 358
809 47
443 569
24 776
141 292
5 660
887 598
105 639
523 660
585 133
274 636
611 521
479 953
164 678
73 694
605 211
51 413
257 846
982 280
973 474
923 977
486 809
927 942
448 801
602 384
933 875
19 543
748 498
848 911
175 272
604 780
482 7
544 738
852 877
369 176
351 292
153 188
100 431
129 899
231 730
282 163
957 301
58 704
798 905
966 324
176 570
455 658
928 351
747 131
227 116
306 929
407 458
116 858
888 245
757 470
326 38
633 634
690 42
689 839
946 655
163 473
576 969
482 503
319 229
633 546
696 938
474 454
748 942
311 987
186 419
457 863
809 441
849 498
834 537
337 779
191 851
603 766
819 85
665 604
35 712
894 860
517 641
801 827
979 338
598 787
553 406
579 401
255 412
937 591
542 480
793 145
597 964
581 217
453 597
172 839
660 65
50 176
57 203
354 388
540 951
174 444
708 105
844 963
516 133
905 410
612 50
554 560
13 486
128 465
434 300
655 93
364 704
268 421
906 621
808 798
924 333
241 631
437 437
945 305
569 850
714 532
899 267
91 263
104 219
79 537
518 733
981 881
788 248
653 694
220 812
491 495
145 83
126 581
519 422
885 439
623 950
970 521
568 61
135 671
631 213
559 148
945 539
380 733
138 33
778 710
844 620
204 340
702 681
273 573
103 509
11 725
459 981
598 26
393 732
49 23
297 607
522 241
498 901
325 635
285 454
344 481
73 900
820 127
580 444
699 34
953 709
759 411
41 708
788 785
791 836
807 87
443 328
680 292
581 4
926 865
458 622
697 882
873 869
8 452
312 58
486 616
767 596
26 159
303 166
944 93
1 750
532 795
430 211
86 362
214 364
226 23
337 275
257 209
143 264
12 806
322 849
422 440
444 799
950 98
964 893
543 317
995 74
463 776
284 901
137 849
616 714
224 952
988 480
512 482
95 875
288 768
724 61
207 519
859 509
969 175
401 863
843 395
936 305
522 571
205 658
771 820
372 346
123 359
177 986
193 272
861 480
391 584
540 950
454 750
458 422
276 858
284 118
605 571
423 126
493 979
784 616
151 507
961 625
865 138
611 57
761 471
888 151
406 779
452 859
881 909
633 156
119 268
274 723
839 48
200 683
378 983
298 880
489 611
505 706
100 467
114 860
937 354
362 694
132 814
904 12
722 888
520 192
156 145
914 346
544 114
28 921
448 678
153 289
288 657
346 387
123 811
598 411
164 311
456 296
124 359
659 198
247 178
389 754
674 655
99 217
120 478
490 919
155 642
559 794
650 904
180 124
715 129
886 230
440 341
525 915
51 536
464 649
65 853
402 739
859 500
955 978
978 444
896 484
437 455
278 86
710 809
209 776
938 94
6 729
786 882
643 837
417 107
485 482
311 887
572 169
738 878
498 67
674 745
551 110
199 180
196 261
988 756
36 277
202 41
5 987
923 1000
175 691
458 660
524 120
898 95
288 987
973 137
54 646
881 604
755 432
135 302
692 122
410 727
751 611
120 755
949 394
106 124
84 915
135 608
34 384
54 673
370 26
809 423
23 690
378 130
473 512
783 164
986 192
242 736
154 713
842 103
106 300
578 542
214 712
501 248
95 554
272 464
932 81
239 954
122 968
435 594
832 218
109 817
761 350
552 915
415 745
369 520
44 946
413 258
9 913
857 455
467 128
270 398
208 860
703 681
828 490
626 659
707 734
827 819
436 730
733 850
474 453
721 518
750 134
775 758
46 631
564 864
758 834
613 318
693 668
350 872
157 976
530 863
61 708
681 848
437 766
49 911
570 770
428 320
255 554
429 652
184 993
516 293
178 128
962 222
147 664
94 303
991 975
517 51
683 550
251 119
315 299
381 236
420 160
555 26
713 984
678 248
328 193
893 857
672 206
78 819
869 171
473 859
498 990
262 180
539 512
650 205
162 383
440 582
542 347
607 255
682 284
854 9
828 746
217 852
22 820
817 494
679 314
835 292
845 725
803 846
929 964
228 721
897 770
67 856
376 748
491 229
108 671
975 324
522 278
969 895
97 785
740 127
98 575
418 294
299 572
140 580
888 719
300 784
488 366
991 215
465 482
444 572
152 770
247 25
47 215
919 495
1000 658
974 449
584 743
743 883
667 234
814 554
952 113
830 680
6 294
161 801
217 312
922 463
336 320
677 606
167 28
263 140
477 199
234 571
81 900
156 246
453 459
358 494
250 539
173 608
184 333
760 400
996 682
214 683
353 242
640 519
270 902
10 98
100 596
20 532
495 175
777 300
633 486
793 235
376 965
842 559
649 953
310 996
986 875
30 339
117 669
209 738
922 571
187 22
166 206
905 12
732 34
311 716
871 455
950 599
771 143
157 419
96 819
766 433
45 795
123 513
463 332
602 385
254 788
758 771
345 14
782 428
399 445
144 622
251 445
220 22
588 728
440 35
898 558
467 943
352 942
455 167
273 409
903 878
196 12
648 893
377 781
320 776
577 463
749 828
908 968
849 847
695 640
233 593
549 51
887 901
992 693
419 616
101 321
493 649
684 492
541 60
625 212
187 201
675 935
380 934
254 580
132 949
572 716
893 120
372 110
823 790
725 276
462 570
276 497
413 816
909 37
379 95
590 405
382 321
690 635
901 821
935 824
888 827
295 6
309 667
115 132
808 191
759 622
760 34
118 173
201 26
561 579
473 150
984 854
823 673
488 75
846 775
898 733
601 192
738 262
210 204
745 18
395 503
639 506
888 108
678 88
134 591
18 958
92 353
811 914
378 650
988 223
424 885
307 377
429 397
638 638
952 382
7 346
236 645
852 123
105 881
562 590
471 579
547 915
284 709
828 661
358 816
235 134
52 893
510 832
641 499
470 593
880 476
290 115
473 141
589 577
374 150
166 196
80 64
110 363
772 938
23 481
105 609
614 508
340 142
973 161
734 204
988 24
670 460
516 258
388 889
759 905
437 839
968 546
553 739
835 928
572 291
536 185
151 37
660 842
179 984
2 264
188 989
287 209
801 155
819 188
395 577
445 831
767 764
729 320
855 563
247 426
206 782
610 356
171 621
197 349
605 550
612 144
890 251
704 690
757 522
230 151
451 26
982 217
789 62
888 643
624 486
68 181
620 678
888 790
650 436
138 254
985 101
749 875
703 453
916 459
326 497
610 776
522 943
345 311
4 232
953 979
718 21
512 337
698 399
126 699
835 615
305 171
67 53
397 770
857 313
580 535
809 189
310 331
483 6
641 838
238 593
817 307
965 680
995 14
78 472
713 264
438 17
435 504
421 831
625 630
495 205
164 304
745 825
986 228
831 978
417 68
922 233
726 887
912 72
900 342
543 964
605 980
980 391
835 401
574 460
382 68
16 545
723 760
369 708
339 199
37 756
618 959
340 695
845 604
766 96
945 308
60 901
639 391
292 474
143 865
285 524
932 300
68 7
59 789
714 750
987 751
505 957
61 844
651 257
447 417
352 743
76 763
644 67
506 287
540 648
151 176
524 434
475 943
440 885
731 506
634 70
608 138
26 668
334 28
276 132
796 979
875 872
94 518
938 599
804 829
598 306
4 121
91 830
64 883
714 146
388 348
215 347
837 592
366 170
972 641
302 767
619 528
990 712
45 279
662 200
459 260
857 462
732 299
643 795
181 357
293 920
56 859
266 244
451 631
414 422
623 67
540 594
594 530
305 990
160 967
541 619
578 749
432 309
47 75
456 228
783 748
147 838
606 765
81 408
747 846
181 722
264 73
315 857
954 619
937 90
731 866
175 237
589 630
464 371
729 962
560 686
78 640
446 177
838 626
898 101
698 212
310 651
182 507
116 119
949 198
984 786
22 300
491 837
22 219
151 581
257 228
573 702
756 410
327 653
862 377
864 171
379 46
30 494
516 978
692 851
115 403
361 137
55 203
325 76
774 475
657 30
55 581
731 810
990 409
815 203
137 678
374 516
723 755
361 590
732 52
441 846
807 153
334 861
355 659
936 128
485 944
157 891
524 239
701 865
1000 515
68 136
544 793
3 619
547 364
208 278
767 1000
475 573
152 809
433 507
819 721
986 303
16 143
194 540
733 246
404 732
112 823
868 655
615 222
273 161
585 833
790 352
832 265
924 984
73 709
842 891
781 827
545 796
321 738
687 54
335 91
785 446
265 4
101 880
226 725
392 162
909 182
513 741
446 789
724 870
849 917
112 629
743 656
776 64
746 463
469 80
905 253
878 169
609 330
400 186
54 792
699 963
973 564
55 770
352 130
639 552
46 102
532 788
109 307
203 854
769 671
286 673
276 163
194 236
844 593
773 249
384 471
563 708
34 617
477 737
746 467
288 791
568 819
931 29
126 485
234 246
156 519
919 783
33 464
18 228
56 790
477 792
612 39
499 646
656 328
382 401
794 670
544 714
488 826
742 965
310 327
211 817
198 481
599 230
944 968
458 999
109 934
142 721
324 641
366 979
320 99
732 465
768 627
178 608
924 761
598 134
930 795
614 528
376 909
848 185
908 956
470 401
28 794
41 745
124 712
844 855
177 963
481 354
570 284
977 494
397 926
979 326
72 945
205 799
853 52
984 112
360 805
513 387
950 905
132 74
617 327
280 793
289 113
498 211
396 474
704 144
751 34
821 822
978 26
973 183
429 308
294 140
527 414
63 10
487 31
688 118
823 976
230 320
186 978
146 241
473 248
275 294
422 604
319 394
786 99
701 432
239 164
589 117
577 651
478 415
681 165
533 855
140 114
527 326
91 24
566 564
271 192
857 692
796 527
437 933
625 137
364 863
653 953
331 229
955 808
644 988
972 528
842 112
641 368
789 84
391 706
647 14
250 855
705 45
733 142
329 709
630 693
924 634
997 254
863 951
62 858
938 385
385 132
496 377
851 636
460 594
694 458
607 943
664 663
339 396
804 667
105 786
711 28
419 707
633 633
842 299
79 578
430 926
955 281
914 414
874 607
872 832
549 535
494 239
283 298
905 739
435 616
118 205
674 750
190 683
796 31
982 874
609 411
151 563
43 416
976 268
22 199
99 922
86 593
160 720
242 417
458 28
32 575
232 705
324 773
740 119
804 721
344 412
483 847
326 878
262 653
145 636
852 596
557 289
188 69
8 781
485 465
808 868
39 391
924 714
164 663
833 967
383 176
730 866
374 55
743 636
707 239
271 910
834 179
198 373
247 557
153 83
21 312
950 411
703 874
125 218
536 309
536 919
836 265
