455
543 894
875 932
113 355
290 118
544 444
31 373
72 470
911 256
604 591
256 817
319 979
635 680
8 305
612 998
4 912
165 546
157 39
829 269
745 119
738 289
562 768
13 985
237 924
241 841
514 848
657 184
826 643
864 185
947 475
183 302
738 347
200 894
737 28
514 481
498 251
121 411
18 134
396 607
57 988
799 570
187 807
106 364
449 969
548 747
795 730
48 532
428 599
777 516
627 290
349 124
540 469
535 909
954 282
867 10
621 665
932 807
471 37
170 919
357 717
17 503
799 417
34 578
15 162
446 641
451 794
117 342
614 651
602 920
284 469
929 904
485 212
710 956
600 231
226 308
947 243
810 97
11 195
675 25
356 120
666 158
265 782
851 230
784 453
149 67
273 430
322 757
641 31
64 593
261 642
900 559
236 710
656 246
904 682
270 612
153 287
769 417
420 620
998 203
424 147
621 696
576 942
804 568
324 868
160 936
509 412
495 744
473 502
341 376
183 610
987 335
897 108
103 316
727 100
871 150
246 843
197 173
785 1000
741 460
867 252
396 727
15 890
822 487
743 162
863 925
772 201
611 20
308 713
687 386
164 909
887 410
752 83
934 888
83 26
347 949
278 742
28 292
983 849
131 725
11 993
1 134
545 611
505 205
675 191
590 839
452 829
600 203
911 533
442 993
559 788
294 836
882 321
479 216
521 609
293 883
953 293
16 850
256 872
54 930
415 995
768 866
823 367
68 86
900 861
78 810
648 371
997 881
43 475
449 564
436 741
798 740
385 814
589 640
37 994
922 451
341 689
316 515
408 735
600 659
595 30
468 595
752 464
827 795
290 275
710 77
367 507
169 752
672 109
391 709
455 664
511 795
353 827
661 112
913 613
122 508
642 589
454 393
404 280
539 45
907 600
474 273
107 642
24 130
750 767
838 556
430 349
702 134
527 363
597 439
327 718
298 968
658 751
712 413
383 603
458 289
202 283
561 660
924 937
790 25
703 979
581 484
679 634
618 205
996 214
996 322
284 645
641 941
396 705
354 130
659 811
418 212
445 330
872 368
266 13
744 968
991 676
452 670
310 421
226 657
986 573
331 269
218 323
210 965
379 563
94 37
725 511
249 169
840 472
888 458
484 983
425 474
11 228
495 320
1000 73
328 986
645 658
254 214
981 815
178 359
729 271
748 453
133 348
973 325
819 212
782 302
195 558
775 205
786 622
876 785
694 203
122 690
213 376
904 193
542 81
903 271
704 2
723 188
349 48
512 167
611 293
468 805
203 595
361 988
216 588
124 909
791 246
598 355
973 501
547 514
934 801
784 989
155 859
176 503
258 688
670 868
332 489
25 534
83 737
873 298
325 997
206 467
594 156
821 918
8 719
431 293
871 567
281 25
777 457
528 34
496 549
253 827
37 277
713 120
14 585
769 690
933 327
156 878
482 328
795 841
46 578
134 268
144 414
293 920
870 172
305 365
72 557
544 108
834 256
579 199
192 348
888 125
26 395
354 507
722 149
347 119
726 832
386 221
246 30
492 467
201 796
184 272
352 727
732 537
334 662
87 525
361 974
1 386
368 355
244 441
503 943
559 580
774 297
800 19
326 291
838 879
86 21
502 789
747 585
678 80
247 764
956 959
90 957
345 809
663 588
250 517
530 160
96 656
456 895
26 134
537 863
364 974
883 217
114 629
154 791
60 752
907 368
710 996
324 54
156 338
994 405
854 875
917 949
530 724
195 556
209 731
418 572
56 653
141 169
281 294
960 693
45 218
60 106
565 735
160 720
72 505
477 277
379 393
577 261
468 771
168 677
853 937
248 908
589 740
76 222
33 387
914 429
604 325
535 520
59 46
240 482
902 68
758 280
460 334
892 927
456 411
603 308
348 203
567 936
942 994
157 327
381 422
107 336
746 993
856 156
38 447
989 939
514 98
571 973
783 814
251 238
225 206
897 572
760 815
859 53
809 368
379 189
789 838
876 887
830 731
394 220
177 383
510 690
480 432
14 263
246 617
852 822
174 749
745 933
563 955
985 371
322 716
911 463
553 787
701 734
869 94
953 398
