126
36 681
410 576
964 869
463 816
283 999
602 782
615 216
98 595
688 113
13 908
759 468
643 632
598 709
60 272
642 109
173 29
141 935
605 105
803 67
920 437
417 873
218 31
440 667
978 479
780 990
386 890
457 28
521 407
88 932
678 81
393 202
110 533
136 66
989 290
484 260
727 900
132 296
283 923
315 260
401 94
601 138
983 409
517 855
815 605
787 844
37 179
46 498
63 533
915 52
823 398
311 549
650 795
196 932
69 510
543 470
955 495
607 289
903 476
144 70
432 282
913 468
812 958
318 874
491 232
277 665
630 940
213 631
86 760
562 154
270 456
623 576
950 582
865 204
409 360
273 840
641 186
307 804
495 624
677 985
856 306
1 837
245 213
819 330
325 380
483 946
187 458
521 488
391 737
691 799
96 964
990 88
501 296
891 995
272 568
332 479
873 332
667 469
897 485
798 573
216 632
518 754
441 390
241 183
127 931
333 222
246 322
662 98
970 552
445 241
119 128
71 343
811 89
811 707
573 960
631 788
944 148
541 384
890 133
567 16
415 899
589 13
573 250
110 542
802 906
134 272
33 556
