1111
393 888
108 671
843 502
458 225
945 79
619 320
755 630
237 217
299 782
849 478
390 42
466 306
485 116
53 91
208 164
571 952
52 30
623 246
883 432
822 828
510 792
499 617
773 735
833 72
516 681
901 257
722 366
563 559
833 967
1 40
130 571
991 533
953 965
130 835
748 303
14 610
94 864
226 867
599 410
938 466
91 190
723 164
555 637
74 739
955 75
778 436
645 120
969 949
437 450
136 536
753 501
145 846
365 722
64 315
132 1
780 574
542 854
737 96
842 811
186 796
237 963
232 233
435 552
182 223
353 317
758 105
169 255
303 533
976 366
199 107
719 979
680 260
184 769
708 26
931 893
173 167
208 756
399 994
307 932
568 12
248 325
116 769
579 770
301 907
488 500
13 558
830 45
169 365
165 876
742 95
121 915
613 680
22 363
25 681
295 592
692 894
268 159
662 847
929 315
753 768
166 117
325 347
513 493
711 677
721 453
123 193
719 735
224 740
450 600
420 744
191 111
989 458
270 651
656 550
317 760
669 482
229 993
828 741
837 538
418 909
342 892
101 412
979 676
152 428
275 923
523 817
386 511
275 7
513 282
908 829
394 576
310 622
568 137
362 404
27 131
665 720
23 765
132 353
441 635
780 67
557 302
884 294
164 510
300 677
143 207
857 536
782 519
157 701
7 871
457 33
353 121
105 727
885 236
79 677
870 210
96 778
511 979
72 27
488 371
55 982
930 911
518 711
429 26
412 436
896 868
820 601
340 924
327 224
511 758
253 380
967 700
510 830
678 581
856 517
303 262
498 232
524 367
943 953
393 706
740 640
925 911
240 264
187 919
839 697
28 443
429 994
142 938
823 171
870 30
687 172
291 537
756 815
903 50
119 295
107 210
287 31
472 526
646 658
796 836
707 823
279 487
169 772
776 991
943 645
373 981
168 15
869 275
181 772
324 299
418 430
860 704
460 332
582 457
341 377
293 399
552 923
885 720
46 660
62 988
656 434
321 176
801 189
450 981
312 774
632 730
555 491
785 367
174 366
823 867
95 467
265 646
389 502
717 787
161 130
774 169
564 446
696 716
987 497
696 298
270 327
27 177
170 164
543 695
529 365
561 975
832 826
620 572
327 688
358 839
818 484
359 733
281 54
448 267
903 495
565 172
174 943
700 343
106 242
37 987
607 950
961 790
775 933
713 453
972 423
643 789
258 2
873 890
407 320
157 309
167 73
833 340
367 532
34 473
126 70
811 732
19 123
873 145
55 937
949 27
711 592
167 320
945 40
210 703
711 366
364 877
438 548
216 804
431 249
628 556
671 790
639 41
913 863
538 967
800 486
345 862
429 864
182 373
903 391
428 965
756 791
842 545
338 409
700 768
10 680
676 32
469 314
424 381
177 961
700 976
799 396
837 227
259 370
952 513
760 731
478 867
521 671
763 210
79 463
329 440
494 4
471 962
318 247
695 494
207 746
821 357
493 9
936 104
379 887
616 490
969 445
357 489
115 119
50 546
933 378
337 426
382 160
740 51
406 786
896 612
883 716
969 375
76 904
830 806
142 446
296 110
242 652
950 709
770 999
606 703
728 942
480 461
101 219
511 506
4 406
470 886
473 790
613 549
693 442
354 186
239 649
647 481
652 948
541 422
298 146
476 25
87 955
486 188
174 348
45 529
106 514
415 578
303 27
478 347
468 184
884 707
184 882
539 836
829 79
609 126
224 84
503 662
390 340
201 915
687 246
444 792
111 210
722 414
588 199
112 407
382 996
465 918
877 3
753 706
433 361
183 8
796 685
670 185
24 870
452 63
467 247
206 578
456 927
343 395
478 454
801 211
449 266
128 678
620 880
383 53
592 917
60 387
954 81
924 329
303 375
391 769
621 949
698 76
875 40
822 704
846 622
915 294
239 42
323 859
274 705
263 865
974 674
252 927
755 175
607 409
901 350
529 521
298 227
948 524
618 769
228 463
742 142
109 981
535 431
191 808
488 805
25 813
478 628
91 584
154 697
992 54
46 521
574 343
99 873
867 68
641 446
883 382
587 343
714 473
125 904
281 612
708 657
776 538
284 866
473 437
563 465
842 960
337 767
655 787
639 873
854 631
318 88
12 904
430 726
376 555
981 8
518 41
16 294
578 299
159 50
87 73
866 928
33 554
46 39
340 684
911 546
314 228
985 678
483 415
755 210
969 87
218 838
127 233
131 56
884 642
458 322
66 323
602 450
229 647
488 920
683 398
817 996
625 802
25 459
216 779
669 536
866 886
373 344
470 856
400 705
849 857
27 914
531 628
716 759
626 203
31 308
953 847
304 929
648 328
388 863
459 56
750 676
293 475
19 114
330 418
819 530
626 197
443 157
824 510
267 449
713 297
109 17
496 412
945 143
91 332
358 901
387 107
576 31
581 595
145 262
364 315
791 990
511 586
498 686
95 116
486 807
413 594
823 260
357 120
402 448
451 759
700 190
218 276
220 798
222 716
60 585
30 202
926 892
787 423
577 882
539 63
40 303
8 215
562 365
334 963
164 136
74 863
325 291
490 897
440 711
964 851
648 346
53 573
237 839
996 166
720 886
228 112
188 235
326 101
951 659
415 114
794 488
977 471
130 818
719 922
529 682
772 176
27 824
100 616
15 95
781 86
332 360
197 519
946 874
619 897
884 34
10 30
873 338
500 3
156 570
924 36
251 47
563 630
223 662
597 237
109 377
674 440
736 223
311 681
96 929
577 980
314 939
9 539
628 860
893 783
429 168
818 31
214 732
12 436
394 608
24 854
984 50
293 71
272 603
104 719
884 680
698 549
970 58
87 598
269 979
732 697
498 902
80 712
633 91
499 378
699 523
231 34
924 524
105 195
478 560
913 713
591 963
262 561
372 700
510 641
31 241
689 528
142 120
591 127
211 90
504 261
964 735
646 887
610 102
81 439
661 345
152 252
659 765
812 31
816 673
23 846
913 63
726 407
183 316
533 745
757 36
357 720
122 2
606 731
456 38
170 116
735 673
367 745
437 530
127 252
554 149
450 467
564 175
873 98
842 757
842 599
792 198
670 914
551 628
996 6
17 517
474 103
189 192
848 625
74 974
229 627
475 678
93 38
204 317
135 397
73 328
995 217
877 17
482 779
644 477
137 12
346 610
115 534
801 962
511 874
935 739
501 761
768 945
798 971
262 284
367 686
963 714
902 191
82 383
970 77
212 106
88 557
715 202
90 867
163 600
741 450
690 593
210 809
537 360
779 150
995 498
836 310
563 737
500 644
472 469
72 683
926 159
239 992
361 328
859 875
280 951
324 321
543 886
130 431
245 260
933 591
109 768
900 671
856 400
666 327
220 737
9 146
896 247
137 608
927 347
482 558
297 158
878 191
43 359
974 287
619 906
229 727
673 129
750 880
528 415
207 99
504 567
244 751
166 733
710 92
79 191
1 728
700 230
918 742
589 891
380 559
148 609
285 172
737 386
52 616
153 610
714 656
176 310
758 341
394 467
784 824
9 784
551 709
366 821
450 954
711 182
512 211
790 148
382 878
886 433
493 38
42 558
45 570
219 802
262 964
620 46
788 980
181 338
688 546
158 490
851 221
23 714
783 812
214 164
689 99
597 533
136 990
442 532
559 13
685 821
976 304
218 763
635 750
453 323
648 962
164 850
534 186
564 316
349 129
480 389
227 76
273 714
417 714
245 976
78 281
148 54
584 717
816 218
818 620
892 465
582 407
315 115
592 230
431 940
358 262
680 936
689 952
649 105
18 245
432 95
525 931
148 460
647 316
29 817
935 273
281 516
679 947
983 623
176 765
914 533
26 594
820 66
545 468
170 562
64 954
657 588
884 804
399 883
471 428
699 406
700 331
273 730
278 607
352 805
371 266
690 748
859 509
813 755
977 983
317 392
288 325
980 171
480 730
405 951
509 455
708 560
786 980
290 415
587 641
219 309
906 908
57 116
417 221
871 745
203 539
136 842
863 467
365 342
197 769
644 705
224 351
265 361
683 906
775 621
546 345
929 804
253 337
271 21
558 493
765 112
31 252
954 893
719 318
587 267
438 230
323 13
933 587
373 615
844 499
235 390
844 515
545 448
852 815
468 409
308 584
520 690
835 825
935 553
142 873
171 580
454 494
592 386
432 317
1000 276
815 586
17 10
101 561
809 952
727 276
712 386
211 583
76 46
408 362
950 549
234 473
480 687
966 424
73 397
740 424
672 906
10 688
916 462
600 76
765 327
704 476
64 914
410 139
311 817
500 613
718 85
85 197
772 50
972 196
798 711
619 470
969 980
509 236
441 109
311 557
787 14
384 850
928 794
341 590
610 192
202 327
277 286
876 400
687 847
595 485
910 213
306 878
193 166
113 985
626 423
542 764
789 277
614 716
70 306
305 680
497 859
358 125
496 585
524 183
784 118
19 45
683 676
922 875
193 386
211 819
160 104
582 948
381 547
15 450
852 320
481 701
530 191
825 25
775 701
559 558
818 929
954 500
604 875
726 149
612 289
967 772
744 900
71 124
799 86
926 650
757 758
702 286
948 879
310 75
579 221
984 748
149 938
600 753
164 677
901 776
317 219
899 61
470 969
536 268
54 813
270 162
571 971
447 518
849 109
944 779
329 928
879 477
865 478
581 28
506 833
155 823
403 53
883 873
22 770
140 427
583 409
589 153
380 387
22 580
495 966
711 823
893 589
652 109
418 232
136 923
417 291
97 819
695 979
691 68
749 831
495 331
591 435
835 322
821 856
902 316
173 964
490 417
552 493
525 321
77 13
243 493
655 340
311 701
670 2
769 770
184 263
452 774
697 638
96 869
846 349
536 18
312 378
787 215
870 663
535 946
27 129
438 681
820 749
382 842
102 150
611 637
764 415
410 812
52 857
680 249
557 216
619 868
593 405
434 814
67 968
760 94
449 549
126 268
297 859
109 750
360 72
386 475
838 148
286 241
4 318
490 561
885 108
780 477
864 566
642 282
533 401
375 333
950 853
601 598
63 61
700 423
484 85
897 321
