9999
805 668
232 954
215 117
501 112
960 328
445 349
421 878
253 236
294 554
114 916
270 652
50 740
860 309
94 623
869 513
696 674
180 927
627 746
395 480
857 354
807 654
54 228
883 307
815 177
212 928
92 481
932 493
221 791
801 666
765 22
178 460
695 709
738 321
455 484
800 311
189 959
964 243
538 199
549 352
375 112
279 818
593 210
310 165
352 462
830 468
483 359
927 177
67 16
850 521
499 649
184 688
959 499
930 496
697 830
847 71
293 478
240 885
687 549
401 391
363 230
858 197
588 137
374 7
152 575
527 3
575 62
42 534
561 323
29 257
152 228
680 444
705 919
681 743
820 81
133 534
663 343
730 602
479 455
608 982
29 487
336 604
548 377
137 108
699 517
717 202
744 396
998 800
666 678
543 485
110 27
18 772
721 748
726 199
554 333
533 583
819 868
186 367
245 674
826 295
190 542
497 286
937 494
85 955
523 979
439 632
358 809
756 78
908 481
629 461
813 161
395 984
380 580
702 976
605 527
271 147
421 119
784 709
612 220
663 134
199 454
117 908
262 872
985 521
352 613
333 517
125 728
500 505
659 553
480 616
79 102
762 851
220 545
560 183
764 222
668 314
675 785
221 288
656 558
160 360
170 493
228 647
572 727
503 230
631 334
845 61
436 958
912 7
502 471
190 618
692 857
931 719
993 504
6 1
61 166
360 582
10 587
228 581
665 82
810 295
416 7
707 851
964 618
209 818
88 750
435 132
607 717
850 951
220 207
951 632
372 310
214 381
248 793
961 264
875 123
910 290
129 617
492 444
234 52
261 674
802 695
805 760
764 6
710 983
212 661
615 584
322 180
316 570
972 629
185 198
103 95
839 231
711 682
26 296
734 287
969 535
333 125
294 96
130 3
431 342
15 397
277 337
576 944
258 899
572 442
97 674
536 935
256 598
617 282
894 702
920 214
236 604
339 881
52 468
235 834
161 250
230 437
586 157
381 195
55 304
636 151
978 524
438 585
121 406
218 366
107 489
580 694
445 270
574 496
737 808
681 898
409 910
686 994
66 418
540 472
722 176
975 699
51 764
635 171
169 853
889 627
341 820
320 785
89 893
632 177
52 312
426 461
573 112
806 990
529 346
814 250
873 788
300 923
551 935
445 71
139 333
697 831
504 16
968 592
260 951
769 663
615 194
123 187
657 281
529 186
978 342
787 850
481 439
124 31
373 568
101 863
253 149
693 756
164 660
700 775
963 820
437 577
365 912
763 22
544 643
559 521
336 345
722 816
783 845
198 507
764 298
369 368
446 414
476 961
425 527
735 387
346 524
963 710
435 78
731 978
720 289
850 408
986 571
223 768
767 421
627 882
70 995
250 868
760 77
828 185
603 915
923 948
438 886
9 224
315 740
553 386
380 402
793 717
324 368
837 90
788 463
323 209
809 572
76 569
1000 256
105 602
170 27
901 959
264 910
534 578
1 86
964 732
839 108
449 514
475 285
955 614
747 277
823 907
849 898
827 848
153 931
802 674
310 702
632 573
963 165
503 963
602 818
695 792
925 495
305 752
779 259
365 877
536 539
135 736
437 962
935 941
892 736
615 201
790 598
126 752
115 628
67 68
797 761
860 73
607 516
824 385
775 541
613 662
79 747
397 867
708 331
808 952
419 774
504 560
723 629
311 837
608 729
905 404
841 116
829 447
631 652
183 405
544 795
418 623
894 814
489 953
497 648
904 267
421 408
826 144
388 488
332 348
217 588
751 57
703 931
504 334
583 38
90 126
833 508
100 78
673 941
382 169
588 638
787 361
45 612
504 784
452 187
131 668
775 234
76 477
164 931
162 98
969 604
576 153
111 675
230 135
615 963
656 555
600 442
915 996
406 770
780 857
956 262
876 730
495 951
559 11
882 720
108 202
323 35
354 785
62 935
920 28
897 575
582 497
368 848
492 773
617 271
629 925
885 504
6 731
807 564
741 40
636 201
241 310
235 594
95 296
528 366
676 776
292 257
272 659
105 764
432 73
386 412
997 622
916 3
353 74
918 93
113 553
645 353
215 880
946 661
527 825
26 554
600 669
811 224
327 267
339 110
691 76
874 688
698 141
42 50
214 959
494 326
864 139
678 78
370 975
738 248
151 115
802 102
783 964
325 461
582 15
923 272
91 796
311 140
936 352
189 149
663 34
826 526
524 855
955 893
829 692
493 331
158 294
432 940
609 109
752 190
475 26
813 565
821 124
56 108
475 244
608 137
630 433
14 153
287 968
398 467
11 890
149 520
535 581
459 143
41 563
684 515
588 496
432 761
619 487
868 446
83 476
934 64
260 948
216 547
267 613
365 630
854 514
149 388
446 960
882 838
874 917
704 461
765 487
573 383
326 441
180 760
268 114
823 527
413 38
425 31
3 142
12 208
655 161
596 452
472 829
641 345
98 344
157 862
183 730
596 508
522 776
267 789
241 89
667 653
478 92
35 832
233 47
40 239
559 635
42 30
815 682
726 912
377 234
125 559
963 721
66 836
496 684
624 736
772 291
740 250
734 774
81 318
172 120
556 730
106 949
111 273
630 836
536 6
70 661
917 384
381 334
220 876
18 195
963 789
837 702
390 570
827 823
887 999
294 794
80 752
742 191
24 723
378 911
81 799
571 997
183 303
330 754
530 347
300 492
488 137
545 229
706 724
51 945
722 697
90 801
448 832
343 823
906 721
733 986
519 656
334 53
958 664
806 488
362 106
331 201
594 228
430 651
951 832
595 672
528 685
824 975
868 167
797 773
239 882
111 757
537 444
810 846
459 967
333 173
424 16
373 17
243 154
668 545
986 614
216 513
650 391
840 869
909 988
994 147
869 104
904 757
547 65
603 6
383 287
178 807
302 902
175 896
56 194
440 41
160 7
905 809
750 744
30 658
732 23
805 952
126 60
709 24
124 311
29 506
597 558
664 251
460 839
498 867
384 938
259 543
296 163
704 45
259 733
703 342
755 859
293 232
918 353
255 393
663 636
898 612
193 914
214 4
104 711
870 487
1000 128
382 296
643 85
692 901
169 394
594 923
252 238
154 169
591 408
913 605
43 163
568 588
76 781
943 531
844 165
17 843
644 750
490 286
186 182
538 354
927 131
276 179
369 781
699 311
541 612
915 935
774 483
522 201
615 817
731 458
981 99
653 624
849 142
262 34
675 799
388 602
282 15
780 2
796 830
312 336
793 578
270 566
60 144
766 27
960 496
484 940
947 488
915 795
630 176
180 304
327 567
257 608
582 36
961 729
218 272
64 10
201 685
928 261
180 693
639 491
541 122
782 487
962 697
633 591
224 812
246 550
731 503
509 312
890 469
392 459
92 807
469 293
491 396
905 23
440 543
513 332
16 295
170 977
991 802
919 214
966 517
116 696
19 624
359 260
93 750
71 536
556 539
828 398
286 732
420 77
626 933
409 642
227 578
970 569
732 889
134 697
405 601
392 775
225 102
386 669
851 456
204 406
346 384
803 631
467 575
708 93
507 468
86 85
397 55
5 128
295 490
176 699
91 919
825 667
20 211
687 870
18 242
627 364
625 782
346 92
356 405
536 214
224 621
650 621
27 6
748 674
847 276
724 289
194 549
955 214
111 993
435 480
235 62
843 859
843 541
302 550
297 189
115 521
809 116
141 188
121 240
861 319
515 584
608 61
484 914
274 594
907 708
74 493
121 268
351 315
160 5
864 457
193 330
329 354
445 821
893 917
412 105
236 279
688 195
339 524
108 964
117 366
671 542
858 792
162 561
106 673
917 322
481 109
3 809
814 448
981 706
716 393
810 303
671 850
849 361
373 309
324 841
674 346
735 884
489 248
444 595
920 712
268 401
820 270
561 986
69 542
43 137
286 853
791 956
54 640
668 778
948 991
970 973
688 704
856 177
303 651
123 223
362 742
975 534
11 535
871 432
428 913
920 713
117 710
20 170
349 687
299 648
29 269
621 69
324 828
245 627
831 367
849 544
108 175
77 470
61 299
253 489
212 172
553 328
234 573
850 934
611 148
582 992
768 554
60 92
733 304
718 563
22 918
107 481
92 535
302 152
834 555
992 45
78 545
724 663
117 925
597 79
73 530
70 192
435 129
283 167
784 1000
730 805
917 836
637 360
722 939
512 555
845 855
951 274
399 675
937 867
599 885
946 23
766 15
215 200
144 849
366 279
201 95
436 117
282 72
829 356
362 692
910 558
546 213
832 945
239 120
163 837
356 108
212 121
123 778
320 618
978 37
248 178
484 683
647 765
107 475
120 468
166 382
26 63
594 209
359 832
328 522
20 35
629 583
155 103
712 826
72 690
862 320
867 345
354 513
462 460
339 933
928 856
314 305
919 259
513 277
442 192
150 462
226 779
396 380
233 108
557 657
149 418
328 15
115 681
880 576
141 218
860 420
426 526
724 344
784 236
972 226
427 122
39 652
252 434
383 484
893 939
492 41
708 819
408 174
500 639
749 640
856 961
59 281
486 782
976 269
369 948
846 147
69 236
798 320
22 532
155 914
822 647
307 881
817 714
55 316
352 155
307 559
115 717
192 600
850 519
221 218
466 66
364 886
654 513
557 675
44 712
940 217
710 598
98 526
311 504
194 14
658 500
925 773
217 468
724 66
986 944
636 804
362 999
689 15
512 246
41 907
309 980
476 370
578 573
247 240
428 440
606 85
292 882
857 508
701 933
925 38
876 560
841 589
911 882
603 422
479 995
680 139
327 155
508 256
79 106
495 506
546 452
943 837
685 151
696 385
83 972
775 959
532 967
547 442
848 502
215 678
496 894
816 822
401 675
77 831
781 924
689 678
727 631
866 764
781 913
500 864
884 274
174 415
241 72
208 440
573 422
118 421
668 285
594 420
960 23
602 92
298 290
121 376
272 986
139 53
250 639
268 133
264 793
900 504
864 107
944 789
881 413
561 900
697 154
671 8
528 272
451 825
914 571
553 185
908 691
589 157
681 208
642 945
1000 541
448 216
999 743
356 879
507 916
130 204
421 800
563 949
424 366
125 337
288 677
873 548
368 462
56 400
21 697
344 373
237 144
588 236
886 943
466 745
210 948
300 630
747 862
930 170
579 55
858 867
731 731
414 450
544 469
850 564
166 545
936 754
688 875
341 926
169 159
670 378
106 969
8 204
830 289
726 761
343 583
627 426
665 392
227 208
860 428
124 377
973 411
483 660
286 175
585 454
333 254
184 790
222 543
994 404
831 719
164 174
653 142
951 318
533 177
877 392
605 352
121 929
763 603
588 48
777 525
853 462
778 388
251 352
930 596
755 761
314 270
286 319
411 588
988 943
764 216
686 720
568 158
648 330
112 588
729 241
112 933
702 889
321 304
592 250
900 698
362 565
967 999
883 729
586 870
23 702
86 709
773 653
866 421
334 330
8 62
570 471
346 271
359 666
574 951
268 825
1000 981
390 967
980 272
695 917
494 718
618 931
778 743
935 995
163 268
324 522
681 893
992 26
515 702
44 441
4 663
265 4
643 654
322 974
278 368
891 771
437 860
701 214
602 635
561 116
254 236
989 934
481 332
311 995
34 354
787 389
368 52
744 11
705 65
984 334
433 874
104 869
86 156
435 687
790 347
155 395
582 143
328 62
475 991
409 860
696 195
248 64
246 992
74 303
408 57
636 840
283 92
61 720
247 847
758 389
193 912
783 774
55 463
188 881
453 948
740 148
494 339
563 92
330 636
746 738
45 733
929 679
824 989
398 423
835 155
163 379
419 945
505 473
759 44
705 563
991 444
711 484
782 625
575 464
261 320
553 657
53 481
335 228
822 84
650 8
238 812
387 8
109 891
832 219
934 536
782 276
331 844
759 113
468 686
928 728
357 480
736 761
312 70
989 133
153 990
141 743
154 879
750 614
769 934
832 54
469 613
329 800
456 439
264 924
124 191
3 833
670 739
593 981
808 933
466 313
923 958
407 428
836 508
41 604
441 872
657 910
485 337
61 292
775 324
215 899
866 218
83 535
956 675
867 115
608 684
779 882
641 185
309 476
45 701
79 485
572 87
746 408
423 806
700 198
481 266
448 346
483 530
232 790
556 451
905 515
134 35
396 775
220 56
602 264
756 33
100 680
119 846
87 894
3 138
443 836
404 242
181 238
123 765
380 678
215 284
193 348
670 940
474 889
996 428
504 103
460 604
782 930
801 221
823 155
710 617
342 465
858 523
55 332
287 434
10 853
69 554
552 738
845 378
627 192
805 482
295 264
437 428
193 237
1000 368
744 62
984 85
526 194
959 580
525 597
13 886
449 81
791 1
171 636
378 797
827 534
630 473
797 67
901 989
303 252
708 398
313 44
483 191
237 793
770 113
390 135
351 190
567 141
190 737
776 919
885 955
452 515
427 600
581 679
941 235
931 648
633 595
691 467
785 279
259 907
392 1000
41 94
190 959
234 731
696 362
2 932
316 805
446 742
405 378
421 345
613 703
344 597
297 35
415 82
313 25
988 56
25 380
149 566
338 735
296 385
96 297
317 411
454 114
504 858
844 276
554 808
330 897
404 627
931 170
60 596
194 399
3 570
778 152
135 467
886 431
852 333
79 520
95 532
985 598
741 828
226 294
635 555
543 390
533 825
559 592
420 105
990 775
674 119
926 809
586 163
591 789
847 669
308 941
553 644
890 293
824 115
939 458
22 833
200 554
657 110
146 429
214 487
203 888
606 480
48 191
994 638
979 840
658 638
780 210
633 21
855 456
136 145
266 509
977 465
62 633
926 207
413 140
46 615
379 651
94 778
193 87
415 171
278 72
160 409
282 144
430 488
600 917
632 865
425 608
681 486
592 958
45 5
97 90
971 827
92 417
604 284
855 370
806 133
442 317
541 75
460 322
914 59
238 545
275 14
504 955
852 447
913 248
803 361
337 774
540 780
542 495
63 396
865 868
528 658
184 421
84 643
94 997
54 684
893 328
697 396
635 548
194 899
147 997
259 483
122 150
262 663
997 676
58 213
543 938
870 78
710 305
73 803
301 126
838 193
453 535
940 87
434 133
985 581
129 596
415 602
97 29
264 93
56 674
305 951
611 526
28 672
830 100
826 482
577 664
26 30
550 965
468 335
450 805
267 930
752 34
532 848
414 795
941 469
468 597
419 430
123 799
101 304
250 279
786 827
294 811
208 843
128 675
529 577
831 796
506 582
181 37
430 594
184 722
414 3
318 185
433 792
983 885
96 232
515 233
58 808
395 617
650 874
292 531
450 474
678 308
56 858
696 837
803 231
558 216
234 227
752 18
19 734
902 466
966 417
50 375
224 444
992 226
318 635
108 119
108 785
778 515
994 474
351 796
56 260
363 289
487 115
306 857
200 560
674 517
976 723
244 551
166 587
128 835
221 235
954 680
19 731
547 364
556 897
511 964
157 874
252 995
340 910
851 891
469 524
408 796
246 651
346 763
237 474
598 809
60 903
840 431
985 386
794 893
283 305
856 791
530 459
785 221
368 635
111 836
510 518
631 107
520 329
869 108
802 818
268 213
72 108
643 57
845 437
301 479
93 508
269 622
966 405
842 334
391 952
169 900
822 152
6 693
480 227
801 633
396 68
845 468
527 840
876 372
276 528
850 368
35 471
341 1000
875 182
333 266
485 854
165 306
357 523
351 836
101 151
468 496
570 664
315 97
503 542
820 130
69 669
849 103
139 189
455 14
722 139
631 207
992 795
864 348
669 214
535 121
716 354
617 286
18 283
734 872
825 553
354 245
573 202
700 64
743 154
429 464
292 59
22 636
205 886
983 226
451 870
346 167
223 314
804 592
597 889
464 773
793 169
369 365
722 68
780 464
573 208
280 865
618 301
852 823
538 186
48 989
55 745
507 278
59 662
869 7
550 684
131 342
204 499
58 926
567 838
741 491
397 20
707 15
673 558
189 562
744 588
902 798
684 408
427 742
421 648
748 970
683 878
663 887
729 73
164 647
262 904
137 658
276 844
24 300
401 564
861 496
503 115
646 187
874 72
928 295
71 28
616 106
257 279
992 985
351 507
631 612
410 768
621 37
963 645
336 363
560 549
211 63
663 856
249 888
279 176
182 350
555 798
455 812
428 798
796 778
304 779
389 65
898 9
102 860
5 789
574 565
337 784
979 351
639 227
239 918
754 772
619 309
921 73
472 348
222 619
125 877
397 865
941 294
226 394
153 582
183 727
146 871
862 476
574 501
702 812
770 456
935 388
116 856
812 587
203 33
205 680
909 954
544 201
599 121
595 104
703 777
182 200
999 43
676 572
543 377
735 312
184 670
699 299
877 510
237 79
894 794
758 154
99 654
355 697
774 949
800 828
725 981
28 723
24 703
647 918
431 381
582 615
50 280
265 926
142 854
357 387
647 466
541 745
119 895
441 245
843 593
72 919
925 451
993 948
505 639
218 936
20 799
902 421
430 518
347 923
371 55
310 17
520 202
761 991
96 554
235 290
498 658
560 422
461 904
722 965
895 939
900 914
89 153
686 518
671 384
793 41
438 454
58 958
655 170
300 102
75 886
391 572
543 302
346 3
205 67
320 99
357 219
364 445
724 50
314 394
433 106
434 223
559 843
532 565
365 831
666 439
716 408
363 610
709 60
965 266
126 284
716 834
854 80
278 577
481 943
970 265
401 404
487 959
598 18
524 962
200 541
753 915
949 467
525 9
526 489
274 3
772 990
836 625
421 113
554 901
407 523
517 807
278 356
118 876
725 641
189 925
181 941
839 481
759 715
490 284
203 763
286 326
104 121
303 524
585 856
776 992
378 645
150 8
1000 267
883 76
907 423
1000 440
716 191
272 474
905 761
110 460
876 395
785 979
868 439
855 452
294 982
795 24
626 945
31 977
211 265
53 470
687 52
261 402
594 532
228 851
645 337
310 520
731 446
850 950
885 704
754 530
686 548
553 663
844 583
640 407
847 692
876 534
95 488
287 689
371 514
891 15
850 200
886 933
997 736
882 881
439 635
763 476
183 315
139 378
898 778
784 744
821 11
629 915
850 916
955 221
429 845
587 631
396 473
563 393
208 444
625 646
79 387
122 613
702 612
342 951
389 126
694 561
488 675
827 338
590 782
910 370
978 496
1000 374
320 914
118 527
358 742
525 788
481 998
752 182
609 93
132 349
570 177
909 410
851 735
99 792
868 8
514 846
855 513
571 175
427 688
701 136
781 225
275 261
222 26
794 182
470 277
530 392
806 438
801 656
525 899
800 392
258 313
589 112
177 159
286 603
198 339
90 979
563 364
591 137
741 385
318 211
13 200
989 754
826 513
652 625
257 909
289 845
372 465
356 658
420 553
996 509
883 910
225 474
398 965
210 68
175 222
267 128
392 255
881 217
120 884
193 728
144 481
572 516
945 279
525 716
832 520
225 714
781 449
539 179
413 748
246 940
322 864
419 713
470 300
929 941
535 473
668 679
953 240
194 249
870 70
965 701
589 541
767 721
341 305
251 105
405 848
44 726
711 463
790 533
114 718
473 648
542 141
678 494
732 223
742 601
292 58
302 232
598 420
953 938
76 203
43 480
51 438
557 113
252 346
645 365
415 118
365 956
610 42
801 341
265 895
941 556
952 594
788 902
13 740
839 89
294 233
920 696
671 829
809 922
174 805
639 941
896 883
44 49
223 660
943 164
216 894
109 355
795 474
94 986
914 739
570 833
435 240
661 595
514 187
399 504
127 25
506 374
907 901
422 130
913 716
645 128
610 753
482 756
578 927
93 491
17 663
324 451
254 336
397 119
522 148
622 1000
172 479
726 78
732 499
559 644
215 203
771 176
308 604
283 885
882 376
376 898
390 51
349 643
386 97
762 260
244 735
611 415
214 336
493 945
835 51
588 401
606 710
576 913
313 858
149 194
233 876
443 622
926 791
617 664
240 730
923 483
464 885
898 29
221 742
973 407
144 912
807 749
621 382
13 285
591 162
830 176
37 273
149 315
415 765
978 654
494 252
489 310
136 386
338 708
127 663
466 622
574 272
371 547
5 383
831 948
896 13
123 285
637 271
599 51
388 928
57 233
179 545
542 666
282 232
726 760
894 191
381 467
815 751
13 171
486 196
118 733
208 240
17 196
863 967
246 250
246 654
482 424
550 24
442 831
255 167
590 500
709 323
966 523
425 331
694 910
526 811
995 85
403 11
280 265
330 877
514 575
883 347
351 432
722 144
615 328
662 556
827 370
878 145
893 303
475 938
212 352
100 558
788 854
921 67
470 250
295 335
176 529
682 526
961 403
669 575
83 682
130 909
52 360
53 296
662 879
585 225
230 684
783 17
890 703
435 359
304 730
694 479
258 375
357 570
129 377
496 211
59 978
472 110
337 524
405 350
403 989
574 984
24 356
1 913
410 435
624 713
516 317
192 126
43 548
47 171
924 895
734 982
872 205
443 560
80 847
909 482
187 834
818 563
190 818
827 951
604 450
664 472
118 207
949 160
754 995
683 29
241 416
363 112
972 805
23 51
4 931
533 190
765 350
104 306
519 931
256 474
732 271
297 850
477 245
361 582
592 43
611 832
810 973
296 781
777 318
832 780
601 716
322 365
417 425
22 287
707 629
760 791
900 57
992 376
653 352
310 244
747 920
428 556
244 723
689 372
392 520
504 992
587 825
708 3
601 729
289 660
710 400
802 609
808 793
336 461
144 645
56 242
916 835
150 511
909 838
883 301
709 386
644 295
562 352
649 514
432 289
525 141
688 326
101 848
118 789
308 614
433 715
207 701
550 356
211 810
193 445
110 901
182 106
547 743
809 195
609 592
483 133
733 523
811 185
370 280
973 29
893 758
743 100
458 644
455 20
454 1000
817 915
252 998
93 828
993 701
420 828
185 504
350 995
40 71
275 13
99 519
122 841
970 931
837 777
302 290
776 118
204 27
116 576
177 208
755 522
260 526
349 444
381 50
791 421
120 417
785 218
287 906
410 257
188 246
385 489
887 160
607 443
538 722
18 67
281 124
588 540
650 288
335 382
337 477
802 808
245 938
25 532
195 786
140 382
384 524
871 270
35 829
712 924
902 729
990 182
205 929
721 854
216 55
235 904
884 389
711 128
326 87
659 873
873 150
254 256
673 476
877 59
656 589
335 557
669 676
738 873
605 458
78 172
865 313
76 100
53 138
227 730
225 238
602 449
387 208
56 412
35 932
822 691
520 156
247 189
832 337
413 436
146 491
959 362
155 34
461 559
172 688
288 748
277 242
196 663
801 251
426 835
534 248
877 54
755 124
594 586
812 358
373 957
848 332
319 354
717 779
912 888
818 552
635 94
793 182
109 593
784 534
779 318
133 656
723 888
473 942
25 198
898 225
529 216
578 597
347 490
485 164
41 471
610 185
653 718
777 788
251 555
105 384
210 827
271 692
494 95
633 871
95 172
98 672
769 444
513 605
960 905
75 569
89 79
286 217
867 888
124 323
623 685
150 893
377 995
340 9
865 983
891 959
155 989
983 923
784 847
879 743
752 305
311 192
384 948
761 602
836 884
924 458
920 425
703 296
772 394
657 636
376 899
947 530
887 929
804 23
127 34
765 878
339 428
422 722
727 182
675 562
417 950
372 336
375 426
984 146
171 992
133 546
890 79
428 129
359 583
151 486
617 915
715 955
694 136
28 421
669 702
334 437
3 57
125 729
482 108
226 652
451 359
550 340
789 977
468 148
911 618
985 527
885 51
833 578
539 860
350 207
913 684
644 916
740 120
644 574
579 870
225 29
580 126
368 368
454 188
867 365
157 203
891 393
254 724
971 792
935 320
998 848
355 993
115 95
112 758
668 690
979 244
70 558
370 790
278 175
977 144
539 485
699 782
878 952
857 200
743 791
871 92
990 226
437 104
320 900
214 339
942 544
582 11
454 303
800 731
478 128
226 16
965 924
149 842
227 5
41 969
148 911
413 137
488 849
241 807
100 806
145 41
349 79
404 802
381 555
884 858
35 462
226 999
385 374
840 612
379 232
932 526
494 696
14 982
896 606
140 996
411 637
388 112
715 791
265 447
346 149
305 732
610 882
730 346
607 921
309 985
504 593
862 997
288 228
330 184
833 470
179 596
458 566
707 172
709 971
618 406
471 274
137 432
507 866
778 114
786 86
98 289
30 312
637 318
891 967
501 723
788 31
318 245
948 376
768 656
699 737
61 169
11 197
601 517
62 378
630 199
815 80
839 845
743 476
514 633
794 366
707 933
396 377
529 343
752 296
999 450
384 411
971 746
608 571
263 21
300 244
220 466
675 410
662 769
237 175
753 382
540 460
314 287
188 194
982 291
841 980
93 225
742 63
970 349
985 584
370 284
828 941
101 854
702 115
623 939
289 375
672 181
186 986
819 373
531 800
664 372
131 756
948 873
170 917
221 154
501 942
789 680
234 889
885 936
3 859
226 644
234 897
176 771
234 994
496 765
794 159
488 276
266 435
148 435
703 721
940 555
662 728
234 248
968 471
535 971
329 760
966 914
8 141
685 242
486 180
358 631
690 197
907 955
631 406
741 333
126 680
888 140
759 473
387 726
295 921
696 624
32 13
537 39
505 221
632 991
752 341
973 441
537 231
747 519
637 839
852 762
870 91
901 628
915 639
354 210
911 401
833 942
414 721
333 918
294 316
260 45
657 233
838 545
463 936
64 451
127 267
213 996
357 465
976 623
104 329
184 366
729 16
660 494
89 992
412 382
659 23
778 667
607 967
212 422
255 275
872 381
541 84
728 249
901 703
223 356
31 407
721 112
774 380
605 862
723 368
595 734
743 373
400 349
691 611
770 945
885 642
325 777
77 53
377 977
107 600
332 138
6 405
601 779
136 205
993 211
925 587
944 667
959 343
15 650
306 785
946 190
778 271
319 854
675 695
183 781
646 866
270 651
270 870
782 758
427 774
968 351
360 263
369 671
605 383
672 910
519 617
452 296
239 122
502 265
168 684
46 814
549 667
816 171
537 597
928 963
722 247
665 434
509 33
104 465
767 127
727 286
95 530
933 686
651 786
950 818
469 347
631 370
14 447
540 902
395 819
216 117
65 232
550 925
264 5
741 30
483 467
667 577
996 952
614 646
737 564
816 206
262 446
927 275
244 466
528 639
636 95
107 52
326 8
976 589
364 716
971 846
535 989
774 530
940 388
528 677
303 343
234 564
788 160
191 384
977 718
374 612
813 832
663 138
839 990
79 202
57 401
399 591
389 524
121 681
911 648
357 565
990 942
129 129
453 319
512 429
388 237
392 552
68 54
42 906
395 120
459 451
872 209
42 260
733 162
940 643
161 648
208 150
941 688
630 393
358 494
173 745
730 564
297 798
969 338
55 715
809 514
166 680
722 207
291 806
720 583
449 232
230 8
47 362
915 404
855 440
148 585
355 796
734 676
485 788
390 293
653 555
324 727
113 615
532 184
549 332
415 778
691 499
652 737
861 919
140 67
358 640
3 64
435 736
739 920
876 129
564 880
35 888
606 500
854 490
683 402
821 450
531 864
948 183
600 160
453 92
227 810
83 581
873 869
669 964
140 544
92 704
423 478
943 381
977 148
870 12
901 42
813 431
905 112
965 857
624 417
300 850
578 734
782 803
602 450
766 742
993 209
797 768
686 91
148 15
238 369
26 490
762 190
920 19
653 237
875 276
5 526
477 583
259 259
737 212
708 502
305 53
710 101
820 747
543 319
761 132
39 138
621 800
327 893
818 980
129 44
255 133
921 84
67 531
342 803
743 49
656 399
453 365
500 624
112 394
942 872
526 332
362 146
484 688
38 653
19 518
49 626
3 969
709 69
500 402
224 594
450 879
992 255
596 843
878 707
237 172
930 114
503 291
611 338
331 649
991 349
166 39
326 520
7 386
589 858
787 164
803 589
394 795
843 989
989 720
695 577
243 977
690 98
267 301
435 597
301 425
298 818
815 975
338 174
361 278
31 147
793 186
87 186
980 929
175 320
1 221
249 243
197 290
692 816
942 127
764 242
903 61
412 718
388 101
891 748
730 273
246 522
458 333
707 789
613 233
109 613
454 357
208 650
998 899
465 940
377 229
181 280
641 944
349 380
44 239
479 773
511 725
294 969
409 353
109 21
585 569
986 390
277 545
40 275
443 856
214 172
436 746
451 429
690 799
160 85
389 639
858 899
715 503
219 123
207 328
495 144
896 832
533 173
376 924
799 171
132 12
342 919
757 792
347 798
942 859
883 330
497 92
580 211
946 799
333 153
478 179
296 725
11 828
249 738
104 47
908 235
410 249
153 167
392 852
964 333
710 198
662 206
289 242
768 235
392 100
739 221
630 386
945 992
565 546
730 668
944 637
902 354
886 407
872 629
258 835
962 319
385 975
524 673
216 291
259 959
742 349
179 723
734 476
715 299
21 796
966 316
432 220
669 669
626 540
298 235
727 611
553 111
585 428
135 801
70 746
111 163
94 290
237 828
765 951
478 137
98 795
452 530
14 121
550 991
12 199
577 738
809 129
200 394
908 335
546 329
432 656
491 525
945 80
704 61
30 533
197 480
328 649
9 693
121 910
684 132
109 260
222 269
741 421
662 1000
107 559
329 538
215 171
415 511
250 470
572 632
3 120
111 330
120 471
374 240
380 57
724 840
669 945
109 761
717 122
760 824
681 440
713 247
611 127
109 212
949 680
843 951
152 953
632 271
775 5
511 507
414 234
346 434
530 806
194 246
280 305
421 312
745 134
910 707
612 18
918 560
50 761
862 201
65 493
471 840
850 333
698 263
918 43
48 447
201 241
693 832
897 113
143 993
598 52
699 210
69 969
769 118
729 983
670 145
475 141
336 676
473 33
290 391
428 337
189 980
929 233
811 826
698 305
170 295
356 869
504 776
189 625
246 917
607 915
413 433
407 101
461 880
133 750
622 912
87 810
891 367
43 53
544 740
357 714
34 64
934 890
840 122
866 437
390 824
703 154
256 110
254 68
989 739
818 962
650 256
771 893
622 813
945 166
904 302
231 938
365 164
179 556
637 44
867 47
179 474
156 433
542 496
523 711
457 172
966 579
416 587
392 361
104 295
14 334
584 730
849 762
286 485
157 629
862 375
675 41
201 182
825 94
677 347
804 485
870 121
64 286
707 455
998 163
101 11
496 37
740 697
150 377
533 659
6 395
33 32
787 585
214 611
678 242
309 833
727 530
953 790
167 12
596 164
174 48
526 21
436 618
69 586
994 602
244 351
996 628
735 782
213 948
744 242
541 52
427 267
933 379
408 100
742 355
263 915
403 141
288 838
758 356
775 751
957 370
454 952
998 188
85 562
487 828
155 27
231 581
646 164
312 53
263 53
408 877
320 162
17 607
351 774
314 126
877 271
495 330
574 844
517 659
757 355
838 912
381 69
844 378
232 155
431 846
560 190
722 879
351 91
485 701
864 798
178 92
420 25
421 346
868 289
4 977
643 841
888 376
261 83
753 492
238 535
337 797
724 411
27 426
501 511
479 716
660 656
808 432
680 580
777 900
869 132
876 863
324 115
238 585
197 343
428 786
877 117
934 601
527 960
378 379
822 856
446 834
864 253
833 393
794 53
876 21
915 199
487 505
135 684
847 915
469 75
31 755
27 909
714 405
639 536
260 84
369 475
689 985
370 521
377 163
925 252
536 191
802 22
695 289
705 893
203 526
320 585
632 346
493 345
750 131
880 362
214 600
836 902
584 205
774 312
720 50
563 607
241 717
628 287
357 685
532 559
562 851
495 193
196 987
537 298
469 769
11 682
368 198
936 952
755 61
263 826
111 178
432 351
246 59
989 602
743 520
512 656
370 6
848 918
344 385
567 812
505 577
845 872
774 132
175 880
193 790
705 655
319 136
357 916
547 345
869 641
865 732
297 586
89 144
503 432
880 69
595 384
997 439
608 123
923 782
2 115
923 59
121 241
546 477
508 92
821 376
733 37
107 381
623 195
524 477
626 756
898 572
139 894
11 746
16 933
880 370
399 802
428 519
395 325
347 902
417 167
630 501
556 736
881 178
931 404
6 908
511 903
480 650
797 842
747 164
126 626
885 876
780 664
394 526
989 92
779 405
258 408
257 813
144 137
342 426
892 348
333 403
602 812
404 750
5 150
914 130
776 150
5 907
814 750
432 154
841 210
910 451
618 166
615 113
302 309
538 545
656 870
947 609
34 702
359 38
852 624
520 979
773 524
885 938
626 668
91 466
229 1000
268 198
517 883
310 170
191 847
715 198
69 13
806 454
715 164
843 918
787 362
896 912
238 780
201 863
799 292
680 27
643 948
225 512
830 534
681 20
733 747
569 801
760 374
254 826
890 96
743 28
810 990
939 47
769 140
909 567
783 940
945 777
887 169
288 716
55 969
87 787
715 655
939 826
29 192
3 270
639 97
297 800
86 236
846 206
727 106
772 861
46 69
637 932
237 925
1000 291
893 438
77 959
93 15
137 473
558 139
742 549
236 38
348 321
625 546
527 703
651 650
563 48
70 200
332 307
476 331
949 368
768 378
678 212
744 814
684 654
305 777
202 540
167 901
212 791
798 90
846 801
92 408
848 161
959 531
819 434
861 768
153 981
145 831
544 240
996 580
893 300
356 94
191 522
347 755
665 144
196 510
944 639
269 144
800 580
674 970
13 887
89 518
219 585
700 762
825 695
341 717
347 49
163 889
922 509
643 586
4 191
447 300
829 68
443 980
647 116
950 11
2 38
528 220
975 227
334 799
274 26
515 620
74 29
860 996
889 503
933 893
45 732
192 873
151 986
853 797
101 154
159 455
543 687
26 517
265 359
315 538
737 182
157 810
210 369
157 99
871 90
343 267
173 886
139 323
871 343
471 971
848 629
777 391
667 803
259 932
513 574
469 249
107 978
411 668
346 567
118 568
8 460
834 180
345 324
854 215
667 324
538 514
305 314
256 971
468 515
254 333
440 723
933 898
52 695
565 397
262 683
316 621
494 501
153 839
824 6
405 842
682 942
708 986
608 963
308 427
829 562
111 620
636 44
517 687
738 82
435 351
116 750
972 609
250 124
799 425
481 556
267 162
497 974
499 456
288 807
235 117
720 345
736 355
740 253
41 830
686 827
180 153
928 503
113 529
978 264
953 459
819 219
972 667
544 471
123 832
629 357
300 348
701 35
54 793
639 446
622 676
272 801
180 199
656 293
727 633
556 31
443 726
250 415
392 145
237 866
328 865
222 627
564 275
14 617
67 652
62 688
680 685
840 859
235 847
503 961
480 410
991 274
135 592
688 527
89 276
392 416
492 966
43 55
592 56
23 10
59 436
49 90
120 240
301 354
87 803
666 566
565 9
191 699
952 879
577 40
506 321
456 998
638 850
52 229
257 427
590 667
862 638
757 334
877 409
39 963
211 705
880 127
65 71
178 16
301 754
56 806
426 863
155 415
64 207
995 672
338 198
221 446
531 450
854 570
412 417
626 644
543 690
66 720
57 366
826 464
523 603
326 678
18 741
236 12
412 220
596 750
417 168
547 300
617 401
221 381
169 846
24 63
887 89
783 943
806 960
407 328
562 84
5 579
825 592
943 588
811 538
689 580
705 236
879 674
988 99
54 508
296 429
570 182
517 704
476 322
663 882
1 577
966 358
507 142
949 449
81 112
338 770
691 43
5 921
716 344
371 121
851 18
549 420
199 417
124 26
738 138
908 90
714 225
447 573
718 748
21 798
211 359
567 253
753 923
173 820
618 895
940 468
912 488
240 462
904 715
487 993
852 746
434 918
970 233
490 687
980 862
837 190
572 403
442 324
678 966
143 295
860 434
763 123
273 354
584 528
68 422
520 271
168 306
540 489
538 381
528 869
595 364
58 166
118 851
490 795
168 632
90 379
418 204
501 690
557 436
218 976
209 89
598 376
394 138
217 931
870 744
799 464
107 208
630 224
410 119
19 577
102 460
955 519
15 807
561 923
594 778
898 803
866 495
530 260
984 746
542 206
489 693
669 947
252 650
171 662
768 541
590 222
352 897
92 366
703 652
288 649
781 537
451 647
383 332
258 367
78 799
924 918
843 592
865 95
242 387
108 361
279 697
934 630
593 378
995 648
29 634
648 810
170 450
808 552
781 65
270 210
215 193
128 58
137 344
152 378
82 259
90 360
307 376
341 252
753 687
251 781
320 898
942 841
347 749
392 479
165 662
689 380
206 168
437 342
863 940
71 944
198 513
655 856
888 347
107 640
33 357
772 704
606 66
544 304
166 935
783 331
948 823
710 154
342 498
847 204
437 918
499 986
430 505
841 317
851 300
308 235
8 79
938 614
269 310
767 403
640 67
225 701
572 566
198 418
121 986
335 619
971 116
475 163
432 325
462 739
559 470
170 496
435 313
328 703
974 447
106 965
513 682
665 436
600 214
853 720
199 540
691 169
655 165
684 87
842 145
177 400
966 346
248 400
11 927
455 984
373 912
949 237
593 965
672 544
179 525
264 377
416 306
898 70
470 581
508 311
725 685
63 43
382 310
442 392
236 248
728 961
511 676
197 104
640 221
999 818
745 262
547 512
919 796
581 389
376 89
51 452
125 113
494 506
774 288
250 362
887 977
322 398
4 870
853 995
90 851
165 186
465 711
697 383
506 278
123 233
718 174
684 842
638 530
699 764
817 300
125 55
276 798
452 631
19 304
626 109
155 790
646 971
500 343
353 357
972 476
589 41
1 624
234 638
153 932
753 321
232 877
376 859
26 827
490 45
483 115
505 989
904 150
959 755
844 311
463 815
138 51
855 138
26 440
128 179
372 880
499 955
109 226
165 486
53 654
530 535
120 34
523 375
536 833
481 379
143 943
546 633
345 752
770 371
192 249
901 563
129 399
869 237
977 33
722 29
39 604
915 510
989 789
885 524
621 717
255 115
660 800
747 4
551 869
726 742
117 626
656 597
377 876
833 353
261 907
381 651
862 647
160 202
435 396
78 407
113 332
521 772
483 620
127 33
488 853
127 956
830 134
553 206
362 737
558 622
995 290
272 856
936 783
410 722
179 487
128 643
818 649
766 300
620 892
684 459
96 162
414 926
296 966
131 9
55 41
630 49
330 253
257 618
35 666
339 565
152 467
207 321
467 972
972 86
216 655
544 311
169 957
588 816
275 71
824 329
111 805
729 440
57 985
57 443
2 748
8 153
214 566
825 680
890 796
117 457
803 660
119 971
968 707
138 594
777 961
274 239
765 3
30 821
339 87
615 693
834 974
197 399
892 22
430 781
817 546
589 971
557 707
293 524
765 430
470 893
390 743
131 154
97 161
326 788
599 293
480 784
266 28
182 157
49 963
289 218
508 877
188 64
584 481
939 700
262 760
593 652
855 723
157 951
235 835
90 833
127 921
968 392
949 501
549 349
463 189
566 970
66 106
385 1
938 676
700 199
435 644
202 289
719 359
592 953
545 681
138 671
954 105
62 254
958 962
602 420
151 168
742 568
625 478
568 562
153 619
112 940
263 314
228 981
24 171
933 568
204 422
238 157
879 651
410 836
965 11
607 467
530 348
34 154
178 953
67 330
571 179
269 833
492 849
165 515
19 450
82 222
871 671
378 101
321 139
288 285
150 895
103 31
594 136
185 771
88 251
453 11
781 73
195 272
921 360
138 292
809 571
513 31
593 243
381 771
550 882
665 653
265 611
140 449
381 228
51 185
238 832
258 432
455 178
143 945
469 303
867 334
334 460
576 817
373 308
939 274
542 604
278 806
566 418
606 946
997 8
131 234
191 388
17 998
917 160
942 738
462 808
71 147
619 998
315 343
657 254
617 198
209 246
355 774
663 312
71 659
320 553
244 862
292 261
859 561
772 152
298 585
312 720
732 930
717 398
273 373
651 241
923 211
486 629
984 501
941 407
159 612
959 403
473 603
15 684
163 138
835 460
722 498
179 805
428 247
203 52
971 205
292 893
416 129
522 751
629 814
157 788
425 468
542 249
422 908
284 584
45 119
395 118
616 925
923 395
171 125
446 141
329 89
386 96
218 907
847 846
72 355
985 848
174 878
448 595
785 732
178 181
202 924
651 169
848 573
564 18
49 361
511 729
802 896
825 19
154 23
216 225
377 553
424 551
430 871
497 567
602 675
99 803
598 749
324 798
321 239
167 721
599 677
450 400
572 626
770 77
648 986
653 376
538 76
926 319
947 775
885 900
801 984
55 750
732 378
547 405
616 714
125 566
390 574
318 314
199 87
742 198
424 395
574 313
470 851
984 768
625 868
668 425
203 74
175 287
451 721
691 418
434 815
335 176
741 652
841 291
91 582
489 866
976 414
179 798
264 514
917 241
381 936
665 936
9 191
222 811
912 912
228 697
78 915
224 170
566 64
813 8
646 301
874 973
66 404
122 329
917 39
569 649
326 586
584 335
776 805
497 39
68 77
88 498
991 311
667 556
727 479
916 724
131 789
696 548
192 170
229 460
560 797
108 885
734 692
571 510
848 68
900 916
144 987
765 134
298 431
41 24
262 956
747 744
744 794
292 287
963 520
746 874
668 854
759 402
897 329
263 744
396 514
11 539
501 775
24 150
558 65
173 819
20 271
914 116
416 205
754 731
76 852
604 744
57 362
497 953
43 111
48 790
624 59
681 476
833 704
625 742
120 149
912 140
419 826
607 187
30 712
917 458
563 520
201 619
234 49
571 628
159 619
417 134
29 97
610 213
153 586
955 272
735 866
763 505
43 721
691 425
433 607
882 995
479 434
614 712
482 536
691 992
506 459
477 886
908 86
99 60
672 405
683 758
622 446
262 665
166 953
89 598
559 970
945 389
755 910
452 236
797 142
579 303
601 55
540 508
141 990
919 164
394 601
921 368
46 182
32 564
486 472
513 397
793 457
785 547
718 237
134 515
730 712
169 330
766 708
189 258
698 107
421 443
708 693
810 105
227 841
668 712
664 181
108 456
989 245
2 707
481 135
573 210
846 741
892 964
800 80
221 497
539 994
940 246
686 101
350 912
294 370
976 957
902 435
413 242
679 766
948 159
901 872
721 98
612 964
413 412
43 634
260 581
627 551
178 312
652 880
576 945
249 903
901 502
337 313
743 16
431 43
526 683
914 246
132 878
561 545
289 604
178 900
536 804
451 66
467 102
945 394
398 545
296 298
46 633
963 140
1000 393
182 525
75 448
123 206
325 683
750 965
638 279
864 526
434 666
591 901
767 535
431 942
814 476
926 128
615 925
520 149
801 946
596 923
503 920
958 605
884 595
883 99
472 317
765 62
569 883
948 214
399 378
507 212
205 432
691 820
708 210
320 509
507 915
783 361
834 92
317 69
687 200
519 158
868 283
572 788
518 519
353 916
897 860
479 101
643 169
272 703
730 591
563 588
505 697
948 690
789 265
110 827
816 629
336 35
263 907
822 780
778 526
47 674
737 525
126 380
45 750
434 774
340 996
713 197
44 661
277 348
658 92
328 346
126 590
252 299
176 768
54 913
645 532
292 689
281 77
815 972
424 527
168 467
539 406
299 815
105 308
258 784
653 735
373 257
33 446
637 209
566 43
473 210
574 116
250 854
192 416
825 615
295 345
81 833
102 731
1000 558
391 257
341 395
992 65
651 376
511 640
936 76
682 408
637 255
523 886
460 714
654 636
680 948
980 113
132 433
195 483
990 585
92 330
980 83
395 982
810 257
973 98
332 654
505 320
260 380
557 71
93 210
707 125
509 38
237 993
471 431
827 460
368 918
142 699
352 536
680 162
792 653
259 475
658 115
794 270
494 350
340 939
560 398
63 420
436 651
764 258
433 591
717 800
508 858
498 860
745 530
373 888
534 983
362 191
449 155
460 943
857 152
233 768
549 295
187 336
297 951
593 729
541 310
881 400
519 730
611 616
259 335
503 792
317 865
335 766
371 146
60 227
297 292
994 198
938 533
533 234
835 126
314 727
787 194
126 657
924 89
272 534
423 775
678 740
991 12
857 361
509 916
588 158
207 933
355 144
817 239
729 651
716 42
377 502
588 855
159 511
943 782
396 365
556 73
456 546
436 312
259 945
227 198
454 785
130 160
280 947
398 8
949 114
402 326
967 989
180 477
851 474
259 246
838 166
671 294
712 106
605 970
402 184
519 855
320 648
14 952
946 764
959 895
229 712
572 195
700 751
672 550
576 282
148 413
447 818
58 510
923 15
831 677
550 349
531 869
997 545
820 294
660 131
188 888
194 759
82 894
861 105
795 436
738 294
201 185
111 258
694 386
272 525
62 821
873 592
42 221
488 213
867 499
695 406
386 889
517 820
134 377
276 928
165 14
222 717
198 684
974 243
69 598
767 482
770 992
426 811
564 913
24 430
412 70
188 149
958 704
968 91
432 244
371 596
257 944
664 806
627 990
48 48
587 167
881 356
510 306
519 425
571 894
207 334
963 394
482 273
97 802
363 528
45 85
476 653
380 139
810 7
128 857
406 66
375 286
774 884
944 292
309 514
537 515
847 499
260 328
123 356
129 486
883 525
922 358
529 302
849 338
660 976
547 417
394 273
54 167
157 997
810 817
510 698
683 356
548 942
36 671
297 516
508 531
393 429
889 921
730 737
611 741
64 509
157 809
781 211
327 289
207 136
105 69
185 139
776 733
432 811
403 728
327 910
611 719
338 851
991 420
939 953
160 2
461 669
163 242
879 489
530 437
625 987
857 161
477 633
893 909
443 295
636 121
556 598
191 894
448 534
665 386
486 176
740 947
844 902
540 74
390 421
863 366
759 719
527 236
703 419
144 146
66 131
618 621
729 809
866 176
342 882
562 827
58 301
125 253
554 16
679 943
437 541
309 195
611 187
430 314
605 573
811 22
704 428
643 784
588 860
959 281
742 872
460 799
524 584
403 77
952 81
20 388
973 680
934 584
866 716
249 822
288 59
844 343
838 486
478 426
345 437
58 86
660 517
236 184
453 639
260 404
71 631
791 44
310 76
979 527
791 227
349 431
285 192
125 474
677 603
251 373
39 309
811 50
825 398
233 277
388 493
680 459
475 822
854 785
898 832
663 688
58 11
470 694
202 595
167 230
197 418
955 587
726 117
636 902
514 869
179 254
713 210
712 187
32 565
323 281
748 986
320 805
996 790
498 550
384 16
779 932
785 733
518 862
849 505
764 715
373 942
968 437
503 31
976 886
947 298
166 694
635 838
850 983
979 699
532 714
714 662
645 499
747 514
712 947
18 475
13 743
768 980
179 271
362 154
156 308
804 674
353 790
863 202
772 841
900 655
554 966
669 198
816 767
711 527
713 80
2 78
822 769
57 1
391 771
506 547
78 309
572 431
451 434
984 574
274 884
581 179
849 249
728 664
367 790
542 79
869 543
508 691
664 565
43 54
335 548
952 764
209 523
546 659
956 530
232 581
413 812
111 613
412 838
628 778
627 169
209 496
64 716
538 727
632 580
780 318
127 732
82 335
606 979
345 914
508 577
846 272
740 957
236 504
794 863
281 421
384 841
268 447
909 805
525 540
384 656
210 862
739 643
197 345
621 541
610 129
469 455
752 209
411 988
712 557
202 344
329 585
537 596
383 445
752 259
984 487
915 545
348 5
187 896
701 808
437 310
936 257
765 39
817 527
26 880
83 228
224 411
812 760
358 547
556 109
805 891
947 71
436 295
76 622
190 776
429 978
86 716
587 202
755 403
80 780
283 163
7 858
925 171
969 283
69 524
743 873
414 42
944 849
336 19
471 877
146 899
207 583
615 793
136 721
547 216
500 829
378 859
38 654
381 6
936 449
529 31
673 943
72 616
143 759
986 613
987 484
864 193
66 830
337 202
550 884
769 401
64 498
611 102
151 991
107 439
791 988
469 464
930 892
79 72
650 417
37 988
900 900
181 317
729 869
870 630
752 638
30 168
135 641
269 286
631 727
724 774
714 544
237 643
787 667
67 788
83 103
775 334
354 307
651 434
176 872
63 279
510 92
446 996
84 66
633 715
793 708
840 506
603 76
501 389
742 919
176 177
373 951
510 726
257 512
159 784
384 221
63 245
664 860
592 748
926 225
814 718
284 653
575 887
728 75
275 821
993 803
997 365
753 507
442 361
370 600
497 105
172 559
349 188
418 941
935 695
517 748
412 800
752 987
38 831
413 313
651 406
115 648
122 219
506 564
931 875
515 427
980 687
985 680
874 755
972 160
801 840
259 213
992 10
551 29
840 315
341 842
72 807
489 194
377 346
757 308
573 623
734 904
309 71
583 534
177 907
693 977
746 951
541 89
312 443
118 503
758 810
345 829
617 185
374 993
531 482
652 103
105 738
358 413
808 292
299 336
198 991
312 296
294 205
384 605
647 853
108 756
663 452
937 631
636 310
975 518
792 627
972 248
364 329
12 523
621 310
858 818
653 521
465 946
725 201
902 724
53 9
479 715
812 415
697 800
77 672
317 220
298 289
467 13
969 830
535 589
140 392
759 792
912 223
89 637
775 990
712 828
894 514
957 591
313 385
262 982
604 911
622 422
923 590
251 457
179 742
848 937
533 111
511 973
99 286
963 810
465 313
352 358
826 308
300 491
44 561
472 999
471 445
420 745
34 22
201 564
764 400
500 648
863 363
621 961
648 935
771 112
599 474
821 776
133 121
618 176
681 89
174 504
885 945
600 919
318 801
482 433
552 334
433 414
696 405
375 695
339 497
158 289
322 978
64 454
98 682
629 131
122 154
986 359
450 585
277 767
737 110
552 289
443 984
54 490
740 780
184 430
276 341
718 949
671 133
402 768
250 640
535 235
998 984
820 274
103 556
735 6
196 530
989 250
19 80
29 555
509 657
247 226
605 917
710 7
37 876
388 286
515 275
521 512
610 692
137 64
599 223
69 795
752 409
396 123
488 424
29 996
432 275
573 389
544 635
747 580
510 486
217 376
760 89
239 722
780 727
785 379
949 206
525 701
614 920
823 454
695 851
801 127
477 726
515 372
360 261
303 869
746 520
596 858
608 834
579 388
560 715
118 860
920 642
912 534
561 86
339 255
288 139
733 765
864 599
136 223
859 439
443 957
310 38
166 917
223 96
656 134
810 773
994 82
766 905
967 326
991 305
933 278
443 665
394 307
264 882
529 474
320 324
782 981
361 299
897 936
394 905
69 556
29 414
637 795
671 603
472 661
907 756
290 701
773 684
7 388
917 888
213 588
211 995
568 923
645 816
210 39
720 631
946 749
44 934
895 714
536 366
726 794
474 368
494 246
403 853
633 319
92 845
906 654
191 473
928 836
288 138
226 8
768 523
108 163
456 2
877 343
719 954
488 192
321 333
789 723
185 421
41 628
618 298
281 160
770 209
347 410
698 924
769 465
446 228
627 253
229 855
595 299
809 434
843 481
767 631
556 303
52 948
931 21
246 563
180 367
771 527
776 820
450 896
284 248
123 263
500 703
469 447
354 629
880 196
110 646
826 17
949 229
964 231
249 209
793 781
928 916
659 55
735 108
951 371
707 425
985 207
480 453
653 833
434 532
28 895
530 205
911 830
434 874
60 34
435 852
814 362
767 472
416 854
932 718
224 638
143 208
196 622
12 848
454 445
732 833
339 261
37 249
442 470
475 501
856 909
704 669
622 823
493 37
107 251
413 249
458 609
222 821
808 27
266 539
211 956
151 247
557 592
69 31
444 924
291 148
944 912
970 436
300 645
211 758
895 976
358 704
936 579
524 743
957 141
634 167
449 136
414 5
80 834
387 523
757 29
670 52
292 991
488 943
987 50
701 233
25 58
936 312
637 812
55 945
304 688
112 752
175 877
756 254
62 494
777 818
522 798
869 813
789 708
756 775
110 808
360 486
865 295
798 853
458 852
798 762
891 261
865 65
137 973
319 198
466 447
367 340
244 587
504 384
647 611
511 756
418 870
241 283
516 38
135 974
241 932
87 131
544 951
548 680
923 218
229 741
664 947
80 259
886 583
643 532
546 505
287 963
374 527
245 889
917 380
214 157
663 300
640 207
603 187
238 877
756 819
617 419
117 48
29 2
983 671
533 528
527 819
490 900
698 735
789 614
466 2
122 480
654 761
686 256
299 276
132 54
446 101
824 562
148 853
564 130
875 448
657 402
619 499
301 316
585 441
281 50
795 402
881 448
515 919
55 165
194 538
219 639
638 394
552 786
246 467
267 121
915 276
874 533
774 526
848 358
967 480
233 639
912 747
557 966
912 102
855 482
92 493
875 644
110 896
945 376
171 818
908 296
343 107
5 661
586 763
773 819
754 36
917 310
353 180
764 208
661 855
700 888
850 329
360 312
576 656
687 99
473 595
394 167
53 399
180 639
513 304
809 266
340 725
928 692
257 691
899 917
897 950
156 747
630 867
410 206
522 96
304 346
42 49
513 95
447 44
733 312
347 893
577 686
969 856
378 225
546 628
494 795
930 649
893 559
868 302
764 389
397 419
87 439
468 599
885 266
994 617
577 340
861 506
26 829
361 755
406 259
734 899
405 663
899 297
222 766
598 337
507 346
108 593
136 927
543 20
544 536
988 121
875 848
978 252
29 690
358 434
948 92
332 352
106 582
1000 679
700 597
16 206
295 475
150 430
401 692
450 944
579 437
416 805
637 745
409 665
435 766
98 734
209 781
438 315
714 437
993 413
386 360
618 680
834 119
109 586
162 558
882 740
347 297
897 983
42 305
999 476
422 448
561 631
228 998
945 941
435 289
706 820
649 675
499 834
794 959
772 955
517 653
47 215
949 943
549 342
599 547
169 20
994 730
650 573
727 946
865 513
587 570
332 587
245 182
420 38
141 543
344 9
195 390
223 496
684 771
837 282
669 358
654 662
87 303
586 165
601 450
678 187
20 361
773 616
543 544
653 683
87 348
691 281
738 265
128 421
35 965
55 55
674 708
716 760
362 301
276 962
102 953
500 473
666 272
88 208
168 92
242 606
440 932
238 529
548 366
949 934
682 355
988 355
62 55
466 776
707 741
46 589
281 711
212 720
270 379
812 511
984 251
794 222
131 341
939 431
274 620
786 613
974 199
667 439
974 373
531 63
180 576
651 812
638 862
532 907
593 695
417 928
297 562
149 427
902 87
857 527
58 642
139 31
841 157
821 166
529 352
228 61
279 878
872 917
92 755
175 684
449 944
963 745
505 464
171 759
550 28
637 960
21 128
990 213
284 163
379 813
866 606
873 144
836 96
412 927
203 587
962 651
882 924
396 386
387 918
496 289
945 133
248 318
260 589
530 543
103 908
707 968
514 931
112 349
379 875
627 581
813 940
231 694
215 978
432 954
896 927
594 192
411 193
509 670
781 39
565 884
946 271
203 811
554 314
511 932
541 489
512 353
428 742
399 995
72 830
948 967
756 541
510 167
733 19
188 865
409 752
100 354
375 303
517 928
968 27
859 860
868 370
213 647
463 611
641 534
792 940
852 899
480 362
65 564
380 605
781 788
708 232
493 82
534 361
361 854
388 219
713 607
940 277
253 403
239 894
288 30
833 140
929 665
501 345
580 232
949 360
19 657
944 863
90 477
224 451
682 963
21 395
569 961
671 173
363 262
66 2
291 251
141 219
267 641
916 846
224 864
558 594
872 501
457 314
329 32
764 11
346 784
757 914
96 779
438 810
40 504
812 331
106 952
901 372
945 816
569 168
32 478
762 255
978 570
568 659
601 683
21 946
819 777
211 914
555 648
724 947
503 535
277 608
838 529
331 782
345 900
302 728
377 415
982 707
984 902
717 936
584 737
233 402
513 795
316 419
794 391
365 297
925 993
256 762
522 939
896 218
190 549
945 918
963 278
624 298
179 692
233 115
428 817
516 292
611 183
711 404
573 427
52 849
420 660
963 293
598 858
510 787
406 806
704 368
435 680
17 614
371 601
728 151
417 595
442 379
130 504
134 54
931 186
903 702
197 865
994 146
74 855
284 479
12 339
198 446
18 566
411 741
166 138
243 582
85 36
960 566
540 93
619 822
630 873
875 178
737 220
323 162
74 606
992 437
945 189
882 314
754 293
406 271
782 1000
852 218
36 163
783 927
608 402
748 589
274 622
767 363
193 441
876 618
399 868
54 695
408 287
360 514
579 766
784 713
765 636
930 152
150 713
78 757
466 825
698 91
798 816
805 342
256 681
959 654
548 12
348 955
299 708
468 229
825 252
941 941
239 223
445 388
935 522
497 400
699 194
842 848
361 647
190 616
327 148
622 874
512 321
180 162
380 648
742 556
251 683
497 489
905 941
228 191
814 76
942 512
621 783
360 981
429 901
597 107
48 570
332 911
890 512
72 270
511 814
825 761
848 673
601 104
965 828
294 779
256 587
642 876
369 1
857 150
901 805
608 301
374 940
211 263
803 635
884 665
800 61
777 999
85 377
102 50
556 747
180 811
333 821
687 701
822 895
202 74
699 810
726 72
101 289
686 255
923 570
919 74
630 695
72 714
423 173
115 330
919 294
493 603
115 179
655 288
425 857
713 123
18 439
194 118
727 231
372 1
800 642
74 781
336 497
847 110
669 961
439 939
607 931
541 73
461 547
712 885
403 776
359 420
566 904
889 292
135 260
644 934
901 69
67 588
565 913
697 585
225 488
875 183
418 767
255 231
314 318
115 716
94 826
488 659
729 376
303 863
988 298
797 240
367 863
828 931
127 876
868 351
363 742
886 133
509 492
715 822
810 829
889 255
6 376
265 735
104 567
597 91
865 745
330 583
607 509
865 85
385 732
788 99
474 673
583 334
164 297
155 325
478 395
579 483
771 844
217 874
762 166
316 978
910 645
560 869
154 425
953 890
156 92
340 981
764 923
314 280
571 820
604 48
215 183
883 337
378 99
562 139
616 877
117 526
521 676
394 26
452 698
267 608
790 607
940 553
881 254
184 451
73 788
851 639
322 733
975 51
183 536
189 799
412 657
324 285
685 717
662 136
414 929
95 203
887 35
108 767
640 291
217 64
430 67
703 103
799 29
153 982
917 342
132 680
350 455
964 34
523 978
522 936
906 968
491 792
354 950
910 993
592 126
409 22
545 463
124 695
843 277
28 759
970 159
439 671
613 754
705 135
731 578
423 988
545 265
131 899
214 40
243 157
518 3
178 62
465 654
108 660
282 136
418 603
294 856
273 259
962 329
745 692
906 167
680 803
783 162
53 348
202 647
505 719
650 34
780 466
687 887
125 320
374 895
922 20
102 547
278 63
875 22
755 133
541 786
935 675
947 339
23 500
218 986
560 349
804 599
588 928
270 961
822 192
980 276
738 609
338 964
983 444
96 523
581 382
549 880
720 571
379 57
97 597
42 9
297 845
959 884
125 228
197 298
573 860
785 911
824 767
706 271
641 287
653 189
166 724
112 544
780 560
492 174
568 141
18 878
24 494
106 220
792 228
748 364
88 884
626 263
650 332
533 642
618 537
182 135
613 645
30 744
205 522
917 124
662 287
2 37
780 459
609 571
686 356
287 125
239 912
387 240
595 272
233 564
160 414
698 772
59 728
516 615
601 784
738 614
70 739
650 850
549 258
420 587
965 58
711 203
970 450
442 916
73 674
480 232
440 177
356 850
904 871
464 856
6 201
469 76
292 471
925 192
80 696
778 45
106 841
247 427
290 41
342 362
714 821
945 505
350 300
354 605
522 817
461 528
370 281
955 13
751 879
204 183
926 334
227 383
174 825
809 815
865 151
528 579
971 472
83 320
124 789
277 645
605 737
524 326
17 478
690 120
708 894
302 986
579 528
368 752
352 177
918 569
679 445
147 1
268 581
673 391
369 949
388 326
685 263
3 53
93 693
172 800
938 473
137 516
352 505
619 56
33 536
624 711
332 122
711 951
54 383
694 423
331 81
100 367
695 102
420 787
146 943
587 83
768 75
950 119
579 568
526 963
455 501
25 138
622 736
89 676
470 782
450 153
214 901
519 260
354 290
47 500
233 985
934 1000
59 884
470 990
803 348
952 610
848 977
99 822
64 187
497 533
320 298
37 885
198 908
145 551
549 191
402 781
175 336
132 585
571 954
574 725
301 878
334 500
206 433
321 269
971 169
153 643
466 542
527 15
449 23
918 997
213 319
130 739
6 613
676 576
566 249
301 218
478 986
718 683
418 38
303 741
207 456
383 24
997 261
39 797
284 956
793 848
626 922
939 632
535 614
559 452
214 859
670 692
845 739
726 614
776 29
706 334
836 88
710 832
701 748
980 984
55 772
183 32
46 121
663 932
86 574
383 300
432 404
343 628
142 420
594 270
448 651
955 283
739 664
466 791
763 445
126 817
569 308
201 614
781 215
545 866
788 279
517 572
683 859
551 176
279 144
445 78
795 752
713 885
415 530
27 178
975 152
346 895
459 546
508 239
761 404
457 900
34 973
471 68
832 22
244 462
517 40
891 663
791 603
899 558
133 925
735 459
76 80
353 887
978 212
477 90
967 933
989 352
906 460
420 89
833 15
902 349
406 792
364 549
747 262
106 231
539 192
689 966
623 393
204 952
956 681
41 922
965 30
625 222
841 44
310 673
410 563
373 168
707 736
716 805
350 173
364 75
853 338
467 57
290 422
89 330
695 53
711 319
275 551
715 936
223 124
851 948
643 557
683 358
713 32
882 747
271 245
935 639
532 224
412 620
905 106
24 616
776 650
166 842
586 741
318 788
688 960
696 722
318 408
754 199
154 24
796 326
499 82
316 382
305 727
1 561
184 377
176 959
26 694
801 611
434 470
750 473
429 445
194 98
852 299
649 357
675 444
34 525
525 349
907 181
75 259
741 258
635 269
569 661
962 721
623 747
190 373
571 618
817 116
716 21
767 364
377 441
159 411
965 35
759 223
567 186
482 659
443 116
279 363
128 240
83 751
338 272
475 260
242 643
376 309
663 142
24 392
934 534
802 250
920 912
473 486
97 306
496 892
421 775
254 901
366 689
3 56
312 477
315 553
119 42
213 782
535 588
525 468
121 326
718 40
589 542
877 38
847 373
929 619
147 534
519 512
222 521
919 534
349 234
438 468
627 3
601 162
590 477
981 711
802 50
102 742
591 979
779 789
703 59
408 849
593 278
712 166
151 983
51 499
216 489
318 842
491 270
355 432
746 336
142 899
385 596
993 976
574 771
116 628
182 523
828 774
153 891
291 655
873 342
153 88
182 823
282 672
444 636
103 542
323 597
792 708
544 784
35 469
907 150
96 88
25 923
213 529
813 855
183 686
196 687
125 377
861 406
400 305
394 855
198 68
803 341
775 346
477 161
814 383
663 909
822 39
183 386
567 995
240 749
680 788
787 157
516 648
562 916
304 307
122 501
375 924
841 501
621 317
662 786
51 676
694 224
714 228
609 280
222 201
380 254
340 166
410 855
165 323
122 468
982 595
968 708
518 161
208 490
829 221
275 232
248 320
455 961
547 416
592 121
968 323
726 307
841 487
513 5
809 987
473 142
581 792
849 451
304 409
940 133
981 567
364 229
886 170
189 785
585 133
905 904
455 630
210 647
116 75
652 276
61 476
418 993
267 618
443 571
378 735
55 359
301 418
587 538
939 127
322 524
611 578
427 418
207 989
64 674
415 67
950 827
542 719
819 809
688 614
731 66
348 785
424 1000
554 362
889 492
840 563
367 451
140 146
220 347
134 283
20 900
350 321
726 891
391 544
51 79
509 781
144 856
565 919
207 118
632 448
962 471
10 328
273 149
473 492
847 958
127 219
857 476
891 934
718 282
478 769
360 986
549 855
194 466
125 752
583 756
199 896
578 560
224 851
61 48
694 907
358 820
125 214
647 16
500 365
649 977
133 8
314 33
498 338
963 433
93 513
328 670
73 903
872 133
303 566
39 660
737 516
225 384
883 724
100 531
52 232
890 366
616 103
576 466
792 538
898 236
51 577
905 123
832 129
607 134
46 645
793 134
512 17
517 746
93 616
628 144
199 869
509 167
323 437
632 114
974 529
349 24
457 606
498 288
734 104
773 131
101 917
264 612
286 133
710 378
748 337
521 299
206 382
465 528
818 96
994 143
976 342
167 784
947 664
424 32
768 196
514 220
113 778
831 398
910 892
127 9
229 647
659 786
380 123
665 549
570 658
692 545
1000 858
329 298
873 752
682 992
299 195
211 763
972 394
512 233
285 638
242 865
637 900
2 368
375 667
917 944
676 608
841 27
817 521
325 41
624 6
33 922
200 595
685 524
988 548
756 625
186 349
841 822
601 843
189 975
861 457
270 536
416 462
563 232
982 239
625 605
244 9
879 795
318 943
462 426
567 647
126 759
820 726
953 361
52 813
817 674
135 615
816 117
205 440
721 800
800 951
594 403
865 264
345 327
41 263
973 166
373 793
244 326
505 295
490 321
320 542
905 455
156 721
571 712
512 643
511 312
594 457
66 458
72 762
784 112
24 109
629 396
253 872
73 757
519 563
77 838
104 334
292 612
406 214
323 917
209 186
580 154
642 997
611 713
758 747
176 133
207 156
881 459
28 953
215 546
867 643
735 971
976 27
582 381
592 256
650 800
441 581
953 434
930 916
146 687
14 673
172 220
829 404
678 208
356 244
105 223
886 839
545 214
217 478
946 809
733 947
960 526
880 265
959 809
180 457
847 545
481 370
764 309
773 441
868 129
36 972
703 273
163 599
486 379
76 784
539 160
82 851
685 961
115 996
121 646
452 320
190 932
689 305
593 462
97 460
942 132
784 996
404 946
594 242
676 21
25 215
180 106
417 217
419 883
212 539
528 15
210 69
946 899
373 538
360 469
350 301
952 133
648 355
78 241
596 753
613 972
319 144
430 87
360 848
969 923
738 496
937 948
916 883
198 288
772 557
108 121
209 59
253 856
766 682
448 361
787 60
685 457
555 114
544 915
313 864
189 402
712 126
701 627
360 898
267 131
806 726
604 14
785 208
221 550
890 20
262 28
431 298
484 986
411 379
252 75
243 440
477 954
565 177
932 276
427 198
407 232
924 10
598 60
217 170
961 458
190 574
485 620
872 321
957 634
51 208
709 645
648 537
950 564
65 882
840 491
431 598
723 706
959 320
117 527
489 77
985 30
3 821
2 226
493 958
211 896
518 271
540 165
807 490
80 872
723 919
714 153
516 436
859 474
107 975
1 948
404 337
329 758
509 330
335 2
640 545
897 157
816 788
321 622
277 752
845 999
671 559
504 538
346 714
364 805
40 716
752 795
404 80
552 912
762 886
265 401
783 513
557 598
301 229
571 929
980 768
928 2
326 783
892 23
496 255
827 535
322 930
330 725
362 881
636 123
119 901
875 901
413 783
850 65
11 772
994 342
539 273
696 216
55 587
239 550
193 417
436 514
347 765
238 708
998 225
182 468
477 408
720 242
190 569
306 552
340 299
893 231
923 940
446 977
526 684
878 718
101 314
583 799
430 172
858 427
397 39
894 225
798 965
466 987
533 124
538 225
774 782
455 697
722 900
25 599
936 903
317 388
568 251
423 43
776 171
433 21
395 230
986 861
216 870
336 105
446 109
238 900
805 959
152 830
558 439
84 226
826 3
476 11
351 250
53 478
420 485
499 815
27 633
705 362
737 151
822 326
402 627
285 905
808 194
343 243
419 168
245 246
178 947
496 582
425 267
418 275
433 483
110 811
467 166
524 203
668 346
881 422
324 165
326 131
710 21
373 128
188 969
725 718
267 572
651 43
839 69
317 623
903 778
434 370
296 957
924 315
654 804
736 977
320 414
107 29
434 831
508 973
151 585
42 418
156 45
460 346
465 129
969 719
906 754
88 553
62 364
868 716
519 603
692 191
368 151
219 153
333 79
478 484
663 871
253 818
915 712
516 379
192 484
98 98
237 537
650 298
252 869
365 123
824 57
313 191
559 883
696 891
961 173
726 975
43 978
793 310
42 660
40 233
143 489
682 731
26 684
28 629
552 745
751 375
801 415
918 711
298 613
953 610
785 31
585 179
8 729
488 401
388 880
986 882
368 667
612 393
702 991
374 254
735 476
980 887
891 249
949 540
861 902
149 997
932 85
176 291
813 15
44 552
894 29
433 262
47 44
6 749
387 731
354 121
207 685
8 97
934 308
988 794
209 136
791 492
221 318
783 385
684 826
937 930
854 369
191 252
765 548
1000 151
279 705
271 837
390 630
285 675
938 272
468 498
759 610
990 331
279 772
716 963
949 652
244 154
372 434
405 136
333 757
638 963
813 909
799 554
890 435
228 179
706 48
677 817
9 18
147 288
789 862
602 89
865 845
242 589
630 998
76 314
754 714
277 919
974 427
472 215
862 700
394 919
747 422
735 755
439 234
394 579
95 347
19 312
543 260
900 172
609 975
838 715
40 114
633 13
892 104
228 105
155 973
376 901
394 110
8 184
343 753
114 790
452 132
101 994
743 352
518 351
678 355
65 718
820 697
82 711
153 309
816 307
633 191
560 378
652 919
561 347
671 26
488 122
157 940
468 899
291 985
602 320
339 666
37 158
715 471
868 219
779 35
525 764
577 436
141 581
354 702
927 377
79 766
850 236
705 317
486 995
653 439
666 991
457 55
500 171
525 720
741 303
754 617
418 683
53 559
263 758
612 541
134 690
306 336
277 10
4 763
356 657
201 21
647 657
75 147
179 599
866 271
254 971
888 671
653 940
581 267
697 192
807 183
882 112
518 158
473 521
272 180
177 825
201 176
833 627
674 364
578 539
634 183
861 521
205 514
812 786
780 861
329 939
43 562
402 912
720 227
784 343
406 313
519 958
488 704
585 161
67 514
51 52
48 911
776 736
389 908
596 718
846 990
279 599
901 350
825 685
45 231
997 563
188 836
266 124
348 684
637 398
736 684
660 660
288 436
747 676
343 343
745 188
332 376
786 585
725 963
269 769
193 617
684 380
804 301
504 151
985 492
900 72
528 559
83 815
994 829
490 336
523 587
875 855
962 13
439 686
975 59
807 167
27 842
898 830
142 753
980 478
597 231
901 124
789 983
938 135
164 779
822 686
365 49
540 326
61 330
364 387
388 170
905 414
363 802
595 504
907 926
334 503
156 234
626 297
569 563
431 732
341 604
417 706
652 309
383 712
638 746
98 378
267 354
791 629
156 386
485 62
311 818
916 819
403 541
115 971
103 897
702 795
500 119
852 152
779 235
215 416
332 665
793 599
18 936
227 525
673 63
938 983
880 853
153 635
393 267
605 847
515 659
994 15
129 845
518 907
322 763
748 467
713 118
402 939
642 74
354 580
408 585
432 561
219 177
179 176
375 694
834 368
60 314
565 577
220 995
660 893
109 760
359 821
877 112
112 518
185 465
97 945
49 881
857 620
409 387
795 783
432 628
151 491
941 67
419 512
413 431
404 522
190 115
694 66
226 157
935 763
621 384
59 22
264 915
641 672
653 435
806 85
414 956
927 706
374 698
217 787
128 972
308 317
438 353
734 16
510 668
130 482
51 188
855 666
454 495
689 106
281 495
542 46
802 469
103 176
166 671
962 645
643 621
313 432
973 46
447 834
65 576
316 468
115 170
485 568
17 174
26 649
20 567
695 821
387 149
348 904
820 309
548 462
281 212
245 254
257 692
87 674
267 754
493 382
276 977
301 292
502 326
292 521
245 338
694 983
487 41
239 306
702 786
119 982
998 363
587 606
54 26
631 673
779 123
406 406
452 706
697 305
384 989
178 980
678 871
314 164
263 552
469 316
690 587
298 687
950 236
644 355
261 627
27 392
749 432
797 552
490 846
857 225
186 34
556 863
256 869
27 518
773 847
186 462
434 835
500 735
70 143
89 683
769 468
74 870
251 222
421 740
67 629
316 604
662 223
467 917
444 845
787 216
691 324
677 476
158 176
210 227
670 651
261 791
118 686
660 368
908 432
460 326
61 127
930 722
350 748
991 793
944 129
452 36
462 609
563 23
187 232
673 448
22 790
485 33
158 392
465 969
70 877
95 999
598 796
98 940
588 41
420 299
26 871
334 839
831 248
862 370
832 534
817 205
676 653
238 185
45 54
153 114
930 247
464 879
43 561
819 982
953 238
281 330
461 966
169 291
566 30
660 397
915 828
601 590
481 838
774 877
891 278
342 820
877 805
699 271
717 869
252 21
458 884
350 918
202 870
561 767
251 572
515 166
752 115
107 232
305 233
460 547
510 801
719 386
605 769
656 673
637 260
693 446
495 42
716 48
912 276
166 162
199 680
679 950
147 786
533 451
18 992
997 879
792 67
617 748
835 624
420 823
883 112
269 730
506 984
777 769
611 295
930 809
974 609
759 120
746 291
922 115
635 919
993 426
337 609
526 172
233 297
994 467
409 614
548 266
597 677
34 207
971 963
368 944
923 126
416 20
768 337
134 402
607 479
180 944
87 705
115 671
1 460
490 761
74 37
26 22
65 59
581 35
374 948
979 648
73 394
20 192
82 153
594 689
983 773
632 422
829 98
92 829
557 933
942 982
322 967
4 386
378 584
421 103
883 751
102 307
496 121
498 577
626 91
265 608
215 896
29 43
345 473
224 254
757 165
235 78
483 590
464 212
525 884
314 407
986 768
713 481
888 563
57 865
653 674
473 220
921 853
262 266
677 837
519 434
353 105
863 836
695 326
399 219
561 65
978 546
832 42
26 71
604 435
936 609
108 760
828 28
612 441
645 641
278 163
426 630
268 288
817 314
966 568
884 526
632 861
72 463
255 449
533 858
235 468
818 342
227 645
722 191
438 366
183 715
881 608
696 500
247 865
813 212
432 696
90 63
909 513
877 163
961 409
372 548
229 190
889 807
834 962
349 623
680 531
337 912
490 385
411 89
601 223
652 384
270 741
798 178
253 674
340 566
434 712
113 14
253 353
821 86
667 169
61 346
52 397
257 541
133 19
981 85
241 633
468 510
373 617
688 978
290 379
543 76
442 655
89 694
359 261
132 25
430 192
722 833
940 978
725 425
996 706
509 588
338 329
450 710
945 489
687 587
867 581
662 661
587 102
354 946
363 837
322 144
28 44
976 968
373 700
744 721
405 604
308 94
932 109
156 229
597 842
167 816
775 180
476 361
281 829
658 643
18 980
138 45
23 113
364 747
165 107
467 921
63 127
15 994
235 170
574 832
363 740
647 137
271 122
850 552
302 507
546 319
838 684
716 212
148 79
959 664
538 425
585 600
551 951
945 138
472 871
969 834
962 967
323 233
88 524
784 741
382 681
716 127
431 864
557 741
879 446
518 463
397 68
765 342
557 236
564 525
70 525
491 744
109 930
267 892
23 1000
925 434
219 640
560 2
855 468
742 734
914 259
548 310
679 313
3 587
548 918
112 969
443 954
64 551
884 330
795 906
330 719
691 900
710 602
253 565
69 995
298 334
605 845
996 635
509 998
222 57
268 685
377 62
638 441
964 873
122 758
130 451
828 820
703 890
773 955
454 842
301 103
527 258
299 522
892 808
872 465
216 139
149 592
200 139
32 163
363 154
273 845
956 452
16 10
341 789
965 794
982 265
896 508
522 547
30 766
354 901
582 921
39 83
512 590
573 896
752 935
401 24
779 356
828 795
366 168
935 682
962 916
298 209
423 172
755 452
289 460
352 870
380 742
952 244
331 524
139 435
811 539
810 941
246 637
87 963
805 21
996 118
936 294
326 359
465 433
162 753
244 866
974 624
607 278
867 290
153 357
724 963
247 885
256 492
522 342
807 678
795 650
95 120
360 911
904 522
15 148
387 989
123 345
618 341
986 770
697 709
85 295
946 340
786 467
681 944
144 395
746 938
45 192
409 756
103 665
277 469
812 15
809 934
712 426
274 697
196 322
758 632
616 703
971 753
169 3
697 664
398 794
953 794
985 713
549 439
377 178
260 540
544 68
473 255
846 98
304 393
771 61
24 386
763 994
139 283
996 187
298 745
980 250
538 316
962 439
107 691
968 366
230 511
785 55
118 630
152 421
22 923
833 45
660 947
390 150
229 738
336 526
482 667
127 372
335 440
810 793
130 777
158 360
639 942
414 108
924 917
528 297
191 712
694 851
658 83
1000 238
115 654
706 241
25 392
681 186
184 162
314 693
521 952
987 286
60 910
203 939
206 393
3 899
595 660
334 947
250 505
986 364
510 43
957 886
435 637
71 970
798 736
663 671
688 649
956 99
910 510
389 467
255 391
718 201
403 51
147 652
907 132
367 417
175 323
302 961
311 725
930 461
460 944
131 499
944 438
949 205
300 338
672 554
80 389
754 834
439 253
485 697
736 204
113 262
526 767
222 189
843 504
649 302
799 131
153 743
920 101
947 219
790 970
124 222
358 230
55 148
482 892
845 569
95 309
831 972
75 404
160 917
907 160
571 58
290 75
152 210
527 450
780 317
420 904
890 129
485 944
277 318
187 473
886 633
133 716
605 560
120 116
828 378
276 398
435 917
824 586
478 351
36 610
19 807
865 908
935 349
203 563
666 390
387 551
22 520
619 978
79 90
94 906
467 721
656 254
989 479
191 467
181 578
76 199
384 940
106 671
640 309
233 657
50 620
559 71
491 177
49 921
266 494
826 85
214 833
690 202
664 880
20 844
458 447
43 193
738 500
863 377
160 448
33 209
419 592
280 909
120 328
829 738
173 6
822 386
191 863
939 854
742 959
49 551
757 91
744 495
943 958
223 102
405 256
311 823
199 590
83 670
269 263
407 441
269 580
178 811
442 116
664 536
426 712
86 183
155 829
787 251
198 543
858 860
366 408
449 800
78 69
63 836
861 683
768 38
493 561
506 508
96 931
571 182
465 77
362 493
173 500
96 723
395 953
934 760
361 383
559 790
803 973
625 664
655 744
701 147
305 558
654 400
841 577
933 305
653 647
150 178
498 245
900 892
197 833
3 909
567 562
698 722
886 675
385 541
418 437
39 722
995 45
474 835
621 758
139 273
404 640
450 902
884 701
793 433
886 148
693 804
61 743
525 946
417 909
486 186
346 525
908 340
569 733
174 541
490 664
813 246
656 263
147 891
963 291
323 200
438 368
4 498
110 528
796 878
437 281
63 134
157 322
825 77
54 350
617 896
13 430
141 20
44 639
911 358
281 233
558 71
952 913
920 61
440 715
938 228
348 353
361 504
674 185
933 80
534 549
327 899
330 467
918 373
457 828
83 737
413 992
807 716
904 727
777 695
793 66
923 140
770 635
644 796
172 576
875 57
476 553
307 806
19 225
530 827
404 964
563 168
955 722
236 858
448 364
553 592
429 827
732 551
461 375
346 984
302 572
41 777
124 347
934 494
923 816
320 679
779 234
198 734
955 433
943 754
796 847
346 577
25 77
127 838
803 472
821 456
395 861
584 518
208 518
363 482
685 34
160 463
267 358
548 574
790 843
327 586
162 66
452 640
903 254
463 75
709 857
936 293
726 495
162 88
976 846
121 488
660 739
845 208
312 986
402 991
571 442
14 84
859 466
75 113
71 537
188 132
393 475
969 937
557 296
134 677
783 793
416 979
352 79
965 753
69 887
195 435
323 53
252 397
166 322
286 353
805 678
179 580
148 147
868 704
794 1
733 929
146 500
907 497
578 871
250 647
110 796
433 432
200 684
180 365
5 465
69 162
495 247
741 642
745 961
345 891
313 429
819 458
928 77
307 858
948 908
856 409
703 288
192 902
971 371
619 327
836 39
488 330
638 229
323 382
541 19
624 853
448 442
311 727
584 818
524 439
578 578
726 769
831 696
139 449
23 326
488 510
7 125
90 329
858 630
348 834
483 147
275 145
873 145
113 457
314 988
247 891
565 973
659 395
20 798
196 42
475 35
904 482
511 345
162 720
975 509
553 809
7 180
953 880
324 417
688 990
404 934
880 320
258 539
66 278
688 261
671 514
295 574
995 157
919 157
877 245
17 429
53 24
608 357
255 284
125 294
273 528
579 504
847 837
42 264
466 81
525 488
595 171
62 941
680 332
449 556
928 466
336 332
841 944
40 447
579 164
740 203
691 318
706 889
506 100
152 323
532 28
811 126
551 224
419 230
907 867
137 834
684 472
165 524
767 556
970 345
719 61
899 761
379 605
1 236
56 504
911 587
884 721
65 434
944 483
15 202
701 151
35 385
974 551
908 741
458 230
437 176
290 336
936 20
292 288
608 347
791 518
933 674
238 349
459 533
831 473
86 532
975 120
268 949
22 527
689 479
756 477
6 398
812 293
417 455
580 376
801 370
893 86
44 482
434 502
366 617
327 451
500 301
922 767
249 295
293 289
773 401
766 130
798 929
422 566
384 1
942 536
371 186
621 766
668 407
619 385
23 945
836 522
598 109
288 846
404 580
487 528
332 604
658 129
532 79
47 915
80 988
451 802
525 423
567 192
829 537
929 851
482 116
724 79
224 11
276 979
943 114
507 274
717 516
755 249
946 801
515 25
788 317
740 96
856 920
633 136
123 114
251 846
544 826
857 171
157 151
285 15
424 1
530 178
601 475
330 116
852 117
432 29
781 523
125 988
443 109
475 917
222 725
762 117
902 970
287 58
120 571
72 896
924 953
425 524
428 755
639 631
223 423
11 355
297 135
342 91
595 168
7 816
244 769
284 146
738 571
555 858
493 979
105 416
931 529
940 710
283 930
340 858
704 351
212 1
837 906
91 432
73 450
599 317
218 235
814 307
805 368
516 297
698 620
65 629
149 356
338 783
637 30
640 341
732 852
693 568
757 135
351 181
584 302
497 801
536 662
460 692
30 975
340 727
595 404
707 95
759 397
877 396
426 869
88 157
72 780
76 180
266 779
360 850
80 857
2 967
870 461
658 899
436 997
978 30
753 36
476 863
432 352
610 209
572 697
717 643
828 145
822 94
923 182
943 354
390 296
672 259
757 329
510 544
677 839
925 429
874 400
644 658
103 253
218 675
302 935
317 129
79 491
574 353
672 868
58 413
164 729
23 272
409 884
815 85
722 739
866 948
490 509
957 592
761 174
266 62
108 935
543 538
425 116
890 448
984 299
212 499
27 234
770 435
118 936
872 191
674 737
138 163
597 446
106 357
620 372
771 727
658 313
617 434
780 506
157 444
613 183
29 382
970 498
669 193
689 342
281 178
856 877
624 962
585 243
685 355
321 342
19 937
775 151
795 7
265 951
802 230
485 830
611 806
680 632
350 368
973 630
897 181
506 872
494 91
114 178
797 787
871 168
723 997
318 869
355 934
819 156
163 656
337 126
813 16
757 163
735 81
792 632
261 650
503 106
740 969
283 888
755 153
407 829
149 76
698 503
10 868
10 524
523 347
649 336
714 757
498 449
838 641
80 450
290 934
556 381
902 190
269 8
695 27
837 843
103 886
698 464
753 59
987 628
405 988
963 119
744 812
919 933
804 350
735 94
283 290
474 537
479 94
896 173
121 732
368 575
617 417
38 722
475 376
349 232
363 663
702 459
474 620
391 629
969 125
722 603
766 548
139 597
641 35
121 113
118 840
687 87
256 76
808 83
452 508
666 814
170 367
624 995
338 15
623 658
491 345
260 257
892 751
205 884
137 325
349 254
165 387
692 772
463 851
206 266
358 871
431 527
589 55
873 278
421 496
935 911
192 547
519 435
297 723
670 433
48 18
38 564
405 730
335 219
580 893
836 290
115 266
168 704
672 41
333 92
888 268
3 79
166 521
865 462
244 534
246 643
552 283
206 308
364 892
878 296
585 899
330 104
954 2
144 286
93 383
905 447
461 70
320 677
883 915
211 128
557 114
763 114
773 126
5 650
421 789
714 357
39 395
461 344
396 956
629 841
339 886
639 151
955 958
828 838
872 390
317 780
503 79
893 275
205 898
38 341
686 428
735 498
771 483
805 751
323 143
636 961
646 591
271 825
780 494
214 96
274 716
175 518
342 731
415 969
59 804
309 96
231 395
945 353
877 750
104 199
892 739
512 889
681 134
713 460
627 926
908 252
993 434
770 686
164 536
654 574
692 314
22 274
709 966
627 585
715 82
136 959
820 647
847 501
132 912
312 110
837 219
362 182
652 483
867 167
93 61
186 114
687 894
431 665
479 498
746 614
456 917
612 654
417 95
565 81
204 754
651 917
287 303
751 153
821 121
25 265
533 211
730 571
104 161
235 934
658 980
899 465
897 862
118 665
956 35
97 512
140 748
780 426
402 531
578 222
3 955
487 887
165 216
458 620
728 44
906 385
376 804
849 272
18 319
288 325
353 385
836 844
484 616
269 885
498 198
458 500
152 296
738 316
864 195
288 591
591 193
328 966
348 528
589 365
846 876
42 550
612 229
393 447
196 661
331 693
211 789
544 362
436 282
678 299
828 317
890 418
509 217
383 208
96 971
925 942
199 966
843 162
194 236
609 390
248 291
82 458
79 978
820 867
259 849
165 438
517 54
208 25
622 590
584 718
913 508
11 463
473 853
976 19
440 584
408 40
875 841
849 305
170 20
171 428
220 336
218 736
741 425
112 715
366 696
784 630
203 794
92 28
998 68
398 438
3 805
829 229
997 677
534 167
697 56
946 916
743 515
652 484
939 763
198 305
810 333
934 365
126 378
392 123
797 141
912 151
297 740
380 293
417 913
811 113
320 109
380 63
623 31
546 562
146 95
218 955
427 503
319 904
880 62
378 28
202 290
179 498
381 558
143 149
822 305
261 141
765 993
203 388
375 100
301 520
546 870
827 324
372 497
579 252
911 957
279 464
314 978
366 808
127 187
112 739
680 877
731 234
334 268
977 231
137 155
555 508
652 133
111 562
441 742
377 38
550 690
368 268
497 494
806 961
584 485
189 667
719 156
124 404
423 100
634 559
255 540
418 258
25 529
171 465
622 547
855 171
589 222
438 85
715 244
397 650
80 585
316 798
740 439
553 514
891 539
72 145
78 842
754 454
722 276
919 343
822 773
513 762
994 303
847 60
898 595
709 977
180 25
127 271
815 31
785 705
569 208
849 999
49 954
452 770
229 370
464 403
494 977
164 839
631 362
898 528
957 959
856 488
335 334
758 149
365 542
854 933
102 54
931 502
8 383
624 588
104 87
990 598
415 154
788 45
515 38
924 823
996 780
310 330
113 68
478 477
961 683
762 62
737 692
564 96
426 539
683 530
625 673
479 40
178 618
84 44
655 360
867 650
491 528
331 603
595 161
432 908
843 545
321 579
236 236
674 14
774 709
895 399
381 725
438 910
342 873
305 997
232 171
646 74
51 329
677 645
489 460
904 683
4 225
262 591
460 287
956 234
347 850
984 727
574 421
988 916
645 293
264 229
815 909
302 865
589 330
862 77
141 765
760 144
989 373
87 801
11 394
386 358
244 369
436 169
141 776
436 785
68 699
365 234
960 667
99 548
348 960
977 489
76 88
984 417
460 422
217 822
816 602
531 411
579 462
94 367
598 161
65 315
394 24
333 844
924 680
803 900
520 231
987 504
647 798
277 863
971 92
816 502
502 489
820 433
950 913
799 899
425 863
213 170
239 545
14 162
577 168
413 96
398 399
951 44
196 228
258 166
319 73
19 173
913 838
957 862
102 755
113 526
969 677
696 559
574 709
72 150
876 484
597 626
882 548
669 429
775 927
947 445
351 965
969 264
155 925
477 256
31 941
134 352
618 829
910 543
537 982
692 764
817 640
389 699
187 410
479 313
336 777
110 38
94 78
653 248
3 482
855 385
774 988
736 391
816 998
285 704
331 976
820 147
616 208
197 154
969 676
819 656
452 928
694 545
5 698
144 359
531 999
744 305
338 831
47 154
828 332
209 158
659 28
657 626
588 853
780 556
880 598
212 332
525 257
228 881
306 372
240 837
722 983
141 59
165 187
564 993
870 125
502 529
504 510
506 91
363 285
999 242
234 210
925 110
818 153
343 123
876 582
959 949
916 451
7 80
990 923
424 859
47 278
739 902
787 245
993 501
881 343
95 467
904 19
928 721
523 270
843 750
203 154
698 118
956 57
550 945
979 973
156 377
602 894
278 389
490 622
241 723
964 335
189 867
354 116
587 876
738 782
626 940
287 675
410 242
731 959
539 61
283 694
437 885
939 67
625 429
688 865
151 4
200 691
870 553
158 809
780 895
942 757
187 580
784 596
173 514
554 711
575 188
756 363
72 695
429 48
475 469
913 625
824 464
667 45
368 824
853 147
71 146
256 257
77 39
852 250
960 478
944 716
193 368
762 973
415 236
441 679
212 616
142 878
661 509
701 865
8 771
363 615
27 439
5 230
688 908
338 1000
738 282
67 930
1 828
902 767
63 695
446 274
310 939
151 970
448 203
187 807
974 549
421 352
987 425
934 27
684 271
26 421
904 92
702 904
271 604
23 333
650 468
958 959
758 460
281 205
662 819
363 987
367 783
691 353
559 976
379 243
246 756
15 150
199 717
405 469
672 427
153 321
246 110
631 4
921 911
560 935
729 923
921 447
57 963
152 616
938 530
210 536
638 224
37 836
292 793
657 963
220 809
283 817
271 914
172 191
176 732
125 257
703 414
712 854
381 650
736 590
185 373
166 573
560 457
365 216
772 936
377 54
753 647
319 924
837 495
7 314
751 364
711 805
778 774
659 158
423 394
100 959
118 617
531 677
425 248
245 196
183 621
602 935
267 920
211 455
766 569
120 868
933 182
673 62
956 331
571 378
76 670
689 193
286 571
221 711
818 817
906 1
437 507
287 55
779 849
862 544
418 981
412 702
163 84
763 118
766 333
847 193
355 887
737 640
458 957
702 627
126 960
979 914
818 266
321 596
466 182
492 883
514 255
584 676
690 698
145 455
383 344
647 737
230 383
728 39
691 430
666 168
741 996
82 558
506 727
583 997
961 448
603 897
124 292
946 620
746 328
963 744
64 545
478 144
583 520
573 600
688 665
596 769
222 208
170 79
286 104
427 599
495 26
320 440
646 417
768 960
160 183
504 989
326 439
509 250
390 196
914 985
964 488
545 485
566 182
940 993
780 490
21 274
868 693
66 865
109 185
824 269
719 680
257 45
470 117
646 859
312 560
196 275
399 740
759 964
273 50
308 53
892 329
678 759
21 743
975 481
279 150
749 998
829 358
394 298
474 39
509 138
950 704
412 348
795 523
312 67
572 619
119 463
299 149
573 671
243 547
152 522
697 252
519 877
