8787
687 813
890 177
935 870
480 532
192 711
359 183
349 902
902 776
990 299
981 780
828 687
972 397
378 532
142 476
408 808
405 94
973 294
270 907
164 101
791 707
163 149
241 863
402 494
990 743
144 323
522 971
9 845
719 387
377 860
214 136
20 618
581 344
264 202
602 427
303 392
485 817
892 77
32 294
922 21
36 65
695 910
387 704
754 106
442 482
317 655
969 688
625 549
31 888
751 633
666 405
24 150
573 268
578 604
561 499
977 948
563 671
857 301
726 963
758 519
796 75
174 765
762 150
313 145
37 415
777 702
819 152
851 392
419 780
347 331
278 675
279 192
346 487
492 423
801 250
942 949
676 467
713 789
616 377
933 652
792 61
353 962
213 555
705 983
686 52
666 963
78 296
154 423
782 997
198 935
598 491
883 625
957 947
414 924
323 346
575 466
759 279
780 323
185 836
305 870
239 322
184 317
617 689
91 751
37 288
685 635
778 919
611 86
865 24
9 539
722 935
357 480
565 488
802 101
323 458
970 562
780 505
878 396
193 968
146 230
608 182
216 385
100 826
471 316
202 831
207 923
766 563
402 330
402 555
431 724
12 752
637 791
609 514
539 801
834 36
382 441
218 949
177 669
127 999
337 328
830 543
250 947
457 3
628 858
909 410
581 920
162 218
63 122
83 601
922 268
988 656
708 205
604 237
226 730
235 562
57 416
456 658
362 912
12 990
769 920
399 701
840 912
918 254
385 353
854 307
620 193
962 680
750 917
916 975
647 502
888 55
918 343
713 631
606 724
620 374
644 371
426 835
634 344
88 19
48 293
677 667
485 990
698 234
906 613
560 904
115 447
959 384
141 671
14 98
746 986
471 389
708 897
223 693
592 662
63 991
954 739
9 439
80 707
672 338
319 584
241 785
382 551
168 523
573 182
620 319
519 443
59 226
691 634
918 634
295 981
624 249
71 632
39 503
338 62
840 9
645 432
793 27
983 313
901 555
846 872
225 364
666 636
589 356
269 858
341 915
190 964
515 261
948 553
115 637
615 954
997 611
737 142
989 71
454 889
978 299
761 202
662 426
837 602
134 457
459 474
372 649
790 886
261 89
439 375
77 405
680 74
367 416
215 356
487 20
596 464
318 708
17 331
486 854
932 619
662 742
444 33
742 585
271 2
25 61
728 102
817 407
175 183
175 741
890 661
760 486
476 429
545 492
759 30
697 42
1000 359
135 796
743 877
380 13
230 405
425 958
858 241
716 32
776 890
124 665
550 883
502 377
311 47
869 421
76 917
462 428
627 596
223 370
824 954
734 54
358 511
363 567
751 78
598 526
968 73
543 517
307 44
246 617
90 114
389 518
382 202
945 9
150 167
730 973
120 815
378 830
325 740
396 428
818 346
953 785
418 495
653 725
891 898
693 980
363 434
497 745
635 441
105 784
959 834
109 431
1000 486
260 325
226 7
752 43
352 56
827 122
903 479
198 793
729 242
124 91
675 621
187 310
413 291
445 724
124 553
154 124
39 413
800 616
771 903
658 475
310 836
596 212
666 145
356 394
738 480
837 413
452 23
74 216
314 870
939 437
423 92
912 813
856 63
428 627
965 437
101 275
272 48
838 289
544 194
683 281
25 519
45 828
893 118
395 206
988 334
995 762
777 258
926 985
321 353
963 285
789 415
559 412
814 749
700 357
942 734
989 318
604 34
145 497
151 539
54 490
224 48
251 353
658 528
689 978
880 651
614 20
65 525
783 230
273 483
586 214
568 574
883 172
607 27
20 110
917 73
951 493
473 554
197 130
81 885
459 961
535 72
332 951
596 115
180 868
949 117
433 868
42 315
39 1
693 410
462 962
835 412
454 307
965 2
788 46
886 598
6 772
669 689
722 617
155 253
836 455
721 621
323 762
287 713
114 332
123 575
293 957
987 98
615 951
99 754
996 984
351 353
755 371
394 828
339 548
432 175
3 152
147 325
265 433
37 379
764 511
953 56
819 291
505 433
242 603
186 589
938 888
294 44
259 687
223 597
234 654
123 588
805 269
912 422
54 301
800 817
163 104
225 982
747 729
766 988
684 304
928 973
191 221
369 801
907 591
398 493
245 872
80 401
141 344
822 194
644 973
362 158
429 938
139 175
667 905
514 702
208 441
26 750
14 394
551 920
985 300
764 229
171 844
981 663
187 803
208 182
127 570
339 555
507 830
81 525
86 594
578 293
387 604
394 400
997 944
671 333
243 435
913 766
630 894
428 168
48 636
349 526
557 39
81 415
868 161
940 953
107 869
597 845
472 991
244 821
286 266
153 529
52 418
646 681
311 73
848 710
60 548
235 616
587 667
383 806
180 674
111 286
542 59
130 366
401 725
538 687
342 42
567 394
459 212
74 121
636 274
830 696
821 417
663 759
83 45
917 262
718 27
899 612
85 380
977 486
456 514
524 798
555 90
191 14
301 616
134 288
889 316
983 62
732 998
820 166
42 736
780 112
114 678
723 551
410 699
36 865
564 911
662 118
1000 852
483 652
820 969
939 708
121 367
271 293
884 312
28 663
775 494
341 497
44 750
547 431
966 110
341 628
580 340
831 414
343 650
382 633
710 17
906 830
735 176
122 619
840 502
281 614
995 973
463 390
74 361
820 40
471 160
19 402
851 849
815 545
851 549
177 560
917 83
741 4
610 863
622 449
716 254
415 710
579 877
99 652
589 270
43 411
429 61
812 631
262 979
175 112
879 351
23 147
785 763
150 395
977 123
843 692
377 609
753 307
837 203
958 426
472 353
836 252
765 1000
234 26
978 408
489 208
111 863
354 895
626 504
641 954
626 836
998 354
444 750
660 281
305 970
58 128
674 893
732 438
244 965
816 573
725 304
780 187
167 134
433 144
989 74
449 966
909 446
672 352
548 683
984 852
652 41
979 677
286 62
115 529
27 930
454 103
585 233
641 103
718 73
598 58
146 47
24 54
492 695
758 39
377 741
242 381
134 573
409 771
634 523
651 12
804 104
466 389
689 106
843 758
179 441
816 676
487 191
730 330
885 839
721 613
931 962
345 64
886 754
186 872
628 189
235 784
292 701
172 332
158 366
90 336
806 905
364 292
95 445
622 331
283 694
295 213
655 992
629 893
97 166
764 724
354 998
507 646
50 30
329 208
396 418
895 201
322 258
845 768
702 818
98 336
511 745
549 517
736 529
409 832
694 524
907 48
522 766
45 571
795 373
130 542
143 25
95 464
634 291
584 688
108 33
23 618
777 923
486 512
803 895
695 497
418 602
896 291
367 292
214 513
16 343
407 158
719 501
974 353
791 909
392 250
941 766
219 718
689 704
581 843
598 276
691 368
229 586
658 947
229 871
459 597
566 217
106 284
717 431
988 859
339 731
460 280
497 678
349 185
382 281
27 331
556 718
698 136
655 708
82 236
930 893
832 495
109 289
131 178
720 118
388 58
201 848
689 697
525 389
233 258
670 259
589 225
328 638
713 335
345 794
922 275
38 105
121 147
393 251
676 112
721 63
522 921
262 210
617 139
599 849
396 268
459 336
844 139
974 908
825 670
54 746
296 91
850 417
589 594
19 264
706 91
679 579
363 940
788 979
78 738
179 826
357 990
161 553
480 486
460 304
508 865
401 803
956 602
571 544
195 942
160 252
32 190
830 395
129 618
725 559
707 256
384 416
597 896
968 76
734 779
731 241
644 131
395 951
732 318
846 278
611 357
530 642
546 359
388 675
328 465
585 35
72 968
802 668
215 121
95 948
251 825
540 894
307 287
196 390
604 42
667 214
398 196
207 296
555 947
970 882
763 554
268 834
873 421
853 439
541 299
739 792
475 278
37 781
564 233
170 519
626 188
84 375
384 291
670 290
589 991
523 351
896 143
536 120
563 740
559 104
38 297
247 512
926 283
644 842
515 165
712 492
352 796
867 87
438 888
728 26
879 603
728 774
745 263
894 659
354 452
114 743
100 360
606 377
643 249
570 509
413 282
1 116
429 219
555 866
106 282
243 984
884 970
758 980
584 3
639 937
454 752
679 905
112 284
633 106
884 203
614 648
836 966
763 264
536 669
129 642
951 371
977 186
692 86
518 275
88 156
563 893
259 241
149 722
876 782
827 759
984 793
406 819
110 520
82 646
189 562
639 491
284 615
28 975
53 545
249 492
52 811
385 311
403 533
384 630
314 563
388 649
355 145
467 464
16 900
461 204
461 99
46 96
66 74
70 470
618 670
961 670
480 697
332 234
230 715
863 895
277 602
544 983
98 362
799 114
614 259
669 426
710 715
522 127
788 591
596 757
261 908
426 92
605 757
678 186
824 540
80 100
494 975
83 591
689 233
704 302
491 373
727 552
439 248
678 226
191 625
334 803
533 760
246 137
868 923
322 43
815 753
143 308
728 577
898 768
809 954
69 651
678 147
203 468
747 232
693 937
857 378
91 389
137 336
877 357
259 198
399 73
302 893
732 381
821 981
148 981
934 568
632 963
715 186
430 813
417 474
749 273
852 191
13 340
526 889
696 784
438 447
208 740
691 939
120 512
920 620
492 205
187 475
520 253
12 949
65 429
775 165
53 626
355 418
317 881
658 365
16 96
811 224
187 501
514 658
364 785
277 208
990 816
682 861
68 46
809 485
826 935
1 878
560 356
647 229
588 305
593 955
752 755
530 938
255 44
595 619
828 224
826 169
39 859
29 106
904 190
590 729
124 591
959 36
298 957
616 237
261 208
191 12
962 73
301 568
116 248
538 295
471 715
816 509
574 196
614 829
737 556
910 213
498 220
600 147
176 215
383 789
774 925
152 735
997 453
654 464
700 192
111 522
906 278
30 831
825 643
12 562
550 273
126 399
492 725
545 19
291 279
807 64
556 311
150 904
115 803
720 166
346 182
687 604
459 716
434 283
710 797
196 612
69 321
10 560
397 907
931 39
185 89
454 92
399 603
996 513
758 67
678 455
248 716
58 58
431 844
340 493
640 888
104 709
560 113
620 957
19 902
347 556
991 801
999 389
403 346
254 512
412 283
967 11
999 376
68 781
219 408
273 859
647 728
919 206
841 890
514 211
792 861
118 782
661 117
522 415
462 775
279 226
410 245
236 760
972 304
540 191
63 165
401 709
892 671
914 84
560 428
647 703
640 764
484 300
232 358
66 694
484 344
271 893
940 506
652 912
809 544
454 223
60 854
931 951
876 197
387 435
976 33
138 615
148 973
266 380
330 331
425 166
27 695
58 966
552 62
877 713
957 682
935 16
887 866
318 762
62 56
549 389
88 38
3 588
10 268
967 692
950 743
857 976
437 266
294 988
679 522
52 635
204 987
2 90
852 320
852 265
375 752
653 815
789 7
402 798
626 368
841 927
110 49
903 898
667 196
237 345
717 289
980 272
275 981
362 478
652 565
94 379
316 98
193 104
104 594
253 81
313 446
7 774
494 261
23 160
456 259
505 525
899 836
796 525
168 509
2 172
425 447
550 92
544 742
195 999
687 800
79 999
245 438
124 90
698 146
602 506
756 458
382 7
293 177
531 812
38 885
983 814
331 532
906 227
625 100
577 311
251 656
661 847
445 136
937 142
633 538
647 741
995 28
747 639
557 277
802 946
161 137
759 844
20 664
70 645
116 646
307 366
653 320
213 97
455 501
591 88
38 589
180 384
969 926
374 877
202 175
822 715
311 932
558 331
948 979
327 63
976 633
780 629
304 344
77 759
844 19
198 233
608 729
616 576
654 989
804 207
516 625
921 178
908 830
860 855
808 186
917 136
171 49
764 474
392 192
584 236
211 133
468 170
861 436
97 866
776 900
73 291
876 993
469 783
175 328
638 982
866 906
469 36
954 232
861 346
776 797
581 338
281 400
507 494
835 955
359 611
854 431
253 729
776 721
863 950
401 500
283 618
758 752
5 63
335 865
408 110
447 294
740 305
787 926
259 145
536 464
928 789
192 703
861 407
652 613
258 934
230 15
37 234
78 372
451 837
481 463
177 280
756 268
936 894
193 547
391 81
10 670
221 554
372 81
960 375
694 217
308 275
584 697
509 661
68 959
849 900
421 25
179 529
644 467
774 189
13 516
269 22
185 841
927 556
921 886
930 966
455 590
593 38
286 101
50 705
411 898
604 183
275 783
63 918
601 837
458 613
352 78
986 537
918 913
444 191
798 726
508 252
667 100
641 304
200 690
8 962
588 611
145 862
393 207
131 993
43 589
957 747
18 943
635 936
207 430
126 356
155 633
608 821
85 600
124 284
290 483
246 877
94 742
90 838
948 572
183 343
512 139
89 530
433 75
817 639
504 294
995 11
278 954
831 362
553 307
998 842
789 243
70 234
336 511
72 283
83 254
625 594
392 65
475 177
139 291
815 995
584 161
5 862
114 187
223 19
845 220
212 634
814 282
867 501
144 290
784 578
543 760
524 287
825 998
463 315
641 277
309 224
790 313
437 903
500 12
921 696
583 485
329 749
118 548
249 261
189 32
839 732
144 362
18 968
711 480
634 351
108 943
927 249
607 715
152 458
726 424
154 661
260 834
409 377
733 657
638 922
41 828
653 184
541 22
503 251
853 136
954 312
430 880
561 37
594 64
846 672
839 999
332 99
833 740
475 565
748 464
838 140
291 490
675 831
863 529
82 715
17 387
27 446
266 939
834 211
2 680
234 840
678 565
938 862
656 765
779 756
228 616
247 519
458 922
701 320
802 134
35 818
520 413
264 137
351 97
348 704
776 581
543 806
498 833
667 505
949 445
260 176
61 507
46 870
780 747
189 581
880 575
399 752
987 662
888 689
110 587
392 886
520 287
43 17
471 709
521 419
506 133
946 918
639 992
787 418
90 975
350 321
902 748
72 240
761 960
929 871
546 672
108 417
310 150
433 780
210 306
550 715
438 848
632 428
191 418
197 280
745 546
600 998
646 24
237 406
983 165
628 880
189 735
297 498
236 81
630 446
386 531
160 175
378 144
602 568
913 150
199 9
696 799
6 341
822 243
98 156
759 726
387 947
460 35
797 48
468 426
493 853
308 4
380 686
499 333
605 412
483 804
420 530
954 426
222 775
668 319
282 426
44 20
725 856
407 521
903 874
298 747
78 605
102 457
642 601
142 247
12 624
50 431
153 3
208 726
129 875
44 762
653 88
133 377
295 539
897 549
412 194
295 490
150 396
298 792
348 439
390 359
62 439
142 566
793 349
291 273
576 687
34 228
774 518
604 420
57 500
968 468
45 614
309 546
361 607
337 709
45 78
419 459
868 560
24 660
261 667
284 836
353 669
63 478
187 666
897 243
517 216
62 561
829 371
458 189
977 147
897 21
224 316
479 92
875 855
751 487
873 387
322 225
55 384
54 241
49 302
483 917
517 897
829 345
267 287
533 595
433 430
615 656
745 446
747 971
652 850
458 524
236 131
100 290
515 153
883 915
454 365
832 970
613 660
314 879
298 846
473 730
627 440
738 723
237 484
46 888
685 855
411 272
985 510
562 499
14 444
766 819
160 597
788 125
608 453
3 906
650 828
987 277
619 724
999 855
560 396
742 244
250 504
516 235
365 429
85 730
224 850
548 735
798 335
859 406
787 214
663 436
41 1
64 11
725 415
865 636
810 958
879 60
461 746
646 177
526 730
906 101
932 453
188 729
139 398
486 277
611 500
64 3
501 128
13 577
542 877
212 703
186 442
114 646
540 759
174 417
841 79
870 772
883 57
852 21
454 690
649 417
189 713
419 41
840 784
617 733
660 180
787 846
974 901
843 513
11 369
281 851
447 150
974 682
206 178
702 12
867 703
428 55
415 846
96 606
629 64
690 641
596 476
838 569
728 32
433 739
400 713
941 199
863 267
880 68
444 933
79 310
635 506
716 49
704 811
654 684
227 343
324 822
171 513
742 898
545 174
988 296
886 929
494 748
547 373
168 990
306 598
299 292
104 14
341 159
177 346
842 755
41 518
928 563
30 669
812 926
194 800
222 79
80 67
179 626
440 698
615 97
295 265
388 750
630 80
908 158
778 750
912 170
619 191
732 1000
859 543
278 404
694 851
835 773
917 13
750 356
710 364
804 356
980 544
106 962
975 13
119 104
114 383
273 732
573 4
84 784
899 361
187 592
211 21
717 127
385 466
835 446
182 990
802 161
533 907
122 860
271 593
963 385
975 236
468 547
591 551
330 489
263 869
433 473
241 149
952 626
614 786
423 795
775 576
308 660
834 781
519 105
373 481
841 347
68 660
246 659
563 927
499 825
795 931
650 388
79 601
365 45
738 787
839 512
363 498
523 548
279 393
4 651
226 844
998 293
856 595
303 418
521 802
594 668
84 243
55 515
843 419
559 580
557 749
444 271
247 318
819 525
711 822
175 936
18 524
228 873
118 531
290 991
684 235
658 767
478 712
281 672
482 191
604 38
940 399
309 538
716 127
62 426
300 588
713 317
112 293
823 830
571 858
65 580
624 542
643 257
565 124
799 168
162 738
566 822
275 282
948 688
59 247
276 772
916 739
416 104
671 590
934 594
447 350
173 422
243 168
30 807
291 829
975 804
918 892
625 545
525 924
232 584
523 859
707 438
949 122
541 620
711 826
213 509
527 737
930 769
904 312
576 547
140 902
350 57
793 327
601 318
250 185
253 124
43 311
561 992
784 454
611 846
631 175
706 158
911 635
926 167
298 853
713 437
106 414
494 251
740 446
568 342
630 172
465 673
834 26
16 969
479 978
166 109
152 871
618 414
857 896
580 155
100 644
591 206
58 436
456 797
882 375
138 511
898 955
535 731
980 550
51 810
527 216
270 30
86 888
444 942
135 375
96 234
19 39
439 76
474 246
224 355
620 714
218 517
668 752
599 647
654 649
808 532
864 77
562 949
316 357
243 450
731 338
684 749
728 474
176 202
720 752
908 339
465 125
208 484
229 806
130 234
807 289
765 670
365 678
971 681
34 213
482 117
902 517
865 630
991 393
183 62
144 90
752 960
567 959
443 147
117 924
732 923
212 848
944 928
526 914
960 911
126 442
27 380
958 244
9 300
988 191
361 131
632 113
442 198
423 884
696 539
159 427
813 370
275 757
297 152
670 609
62 148
50 441
527 359
684 535
659 671
77 371
153 60
483 946
258 906
181 305
796 339
732 609
708 358
365 356
861 386
316 922
533 365
714 59
76 749
945 86
419 373
456 923
433 939
220 42
196 400
346 343
738 429
303 797
138 667
505 998
405 820
272 937
537 985
348 612
734 292
697 504
665 152
779 449
442 998
490 989
398 187
332 135
616 986
284 105
653 788
103 57
607 374
345 495
710 692
106 443
336 154
947 352
658 77
800 99
74 641
440 823
827 123
310 794
108 593
899 112
380 353
520 338
726 865
833 787
908 290
230 243
444 528
594 101
604 745
551 29
385 990
852 564
464 161
357 572
753 607
683 484
959 203
173 36
419 5
823 326
647 404
921 442
931 866
542 886
611 444
266 347
434 469
910 897
629 619
820 733
225 503
568 536
57 741
571 827
97 745
152 95
148 72
536 430
290 77
667 252
521 933
598 306
401 860
554 382
830 726
466 406
228 386
941 636
478 512
462 574
256 965
21 756
389 556
185 678
633 852
929 505
136 878
162 888
737 67
269 918
792 87
324 371
824 264
358 301
127 819
226 735
136 246
842 524
802 26
201 786
877 481
290 12
358 803
252 447
869 520
716 13
958 39
383 781
655 741
81 133
911 307
219 46
552 60
569 705
86 121
490 314
953 131
678 663
933 929
461 154
800 176
166 110
567 900
890 221
992 323
705 903
981 924
300 884
983 221
589 420
693 78
86 646
209 763
308 493
43 120
646 842
295 163
303 861
415 193
433 406
867 138
308 847
61 960
730 395
180 318
167 872
396 252
517 956
14 176
448 408
295 94
601 942
608 904
154 22
96 587
428 314
724 87
160 136
46 889
882 225
559 48
449 306
299 965
261 664
493 708
71 139
153 24
432 761
927 586
134 374
172 913
687 247
352 846
734 397
86 615
974 996
15 422
301 665
738 913
329 582
621 751
721 125
774 152
237 52
737 371
425 260
283 463
858 634
308 591
383 746
558 708
93 572
129 746
588 218
658 916
800 278
19 520
755 144
23 991
196 112
361 972
371 996
435 229
981 94
171 363
191 728
422 284
651 550
29 239
120 686
506 919
316 876
790 70
20 812
412 215
923 773
186 646
120 972
874 100
66 44
815 256
124 236
539 126
138 919
716 609
605 222
527 272
97 668
693 468
479 104
34 754
228 572
399 347
543 624
799 608
19 965
864 494
552 754
620 41
673 335
649 277
908 527
900 357
194 592
824 25
47 210
778 275
781 528
973 323
151 771
931 521
87 146
15 639
899 986
31 571
672 680
199 932
206 98
288 752
41 463
776 88
672 905
362 452
432 686
127 934
457 57
806 895
202 820
885 100
805 916
23 829
947 221
760 504
671 399
255 711
861 382
798 885
286 511
688 717
197 814
2 5
222 808
899 423
979 136
875 136
51 897
964 997
117 723
500 787
473 107
850 685
488 999
569 774
510 609
842 58
774 196
62 996
355 312
418 333
447 644
468 849
540 783
197 9
857 49
147 329
155 996
14 994
995 934
767 856
894 961
913 668
156 326
663 862
989 432
194 788
76 14
636 967
796 833
327 5
233 474
333 387
821 698
380 167
632 499
22 877
811 286
544 318
611 206
179 952
990 724
739 417
737 726
735 885
558 62
889 790
535 221
528 707
271 260
874 902
110 247
778 920
533 674
589 495
231 767
446 220
490 184
988 579
910 723
463 819
784 351
923 840
376 193
99 601
446 560
848 576
831 380
249 419
874 479
537 672
51 379
855 38
957 116
760 419
287 895
121 247
564 43
438 292
588 889
892 33
448 91
608 631
470 208
49 696
39 938
719 89
316 573
478 624
41 238
394 327
132 514
925 48
908 714
691 495
602 934
880 50
25 839
32 846
47 80
893 85
17 611
525 684
536 2
307 928
591 700
254 75
565 530
122 473
243 164
319 197
97 550
598 473
389 629
671 787
708 563
223 77
526 747
112 61
100 419
988 691
470 593
765 35
474 238
859 68
401 177
264 849
727 861
322 467
489 992
253 549
906 475
977 431
573 88
491 672
858 830
362 680
774 126
66 247
715 924
315 115
452 930
316 530
791 637
996 631
980 600
531 885
74 507
668 998
947 158
670 156
340 383
187 113
861 252
712 575
175 378
42 627
307 357
156 449
345 504
432 324
103 962
560 529
821 227
526 119
737 547
274 76
282 813
540 494
64 603
420 591
980 461
217 287
169 724
87 513
579 518
188 682
480 748
562 652
326 439
770 62
338 43
489 619
855 381
112 271
983 883
861 963
344 429
601 864
504 39
729 83
557 916
116 388
15 677
39 341
467 808
754 804
202 243
774 409
623 885
679 605
120 539
919 463
319 871
678 822
910 406
904 466
322 371
205 688
399 243
28 866
50 782
669 251
376 443
11 998
679 689
954 798
579 225
612 897
95 290
719 4
695 974
821 368
345 25
56 95
267 83
960 668
216 981
271 591
423 281
940 453
322 246
251 900
470 214
797 564
503 867
920 550
840 740
917 536
117 972
983 383
407 942
403 622
922 673
565 696
305 504
149 626
749 751
526 570
964 674
486 467
540 405
16 731
496 284
619 612
256 601
347 14
894 749
987 816
773 551
863 77
407 11
703 507
761 580
77 725
253 562
543 792
966 910
874 813
193 492
425 448
444 123
813 338
223 800
505 995
702 367
423 108
730 125
615 842
56 43
566 308
604 460
451 921
369 325
85 562
168 861
361 612
983 174
301 205
325 157
551 26
875 974
134 604
450 100
798 506
494 715
165 449
175 616
369 543
292 805
104 459
666 817
422 648
990 74
205 314
230 107
691 457
432 824
412 234
275 209
91 120
924 255
568 98
222 288
992 513
93 448
972 758
264 745
405 605
819 961
270 400
68 960
856 499
136 268
84 762
828 174
882 751
429 449
200 650
737 192
163 829
991 486
938 254
230 694
210 400
655 479
800 74
438 7
924 573
626 8
687 454
181 568
556 609
16 756
611 104
299 125
284 641
610 221
894 191
915 103
591 921
933 742
994 370
748 917
295 374
924 981
179 457
548 734
417 915
841 27
371 491
503 6
131 112
227 376
655 493
830 597
413 762
338 406
132 437
674 778
810 950
110 340
406 9
74 822
275 266
201 645
757 703
651 239
167 229
615 173
721 444
769 133
206 458
890 689
894 915
818 56
864 927
395 621
935 820
795 209
86 995
206 194
49 856
432 567
436 398
739 156
842 859
640 399
316 881
87 210
795 256
265 659
182 659
279 116
479 73
676 916
419 881
109 820
88 892
386 523
290 477
678 131
335 669
529 3
549 967
212 344
222 828
354 755
838 632
870 316
57 897
583 827
778 691
646 865
583 384
388 224
860 417
354 546
86 234
548 986
552 111
329 125
938 682
879 776
666 748
443 74
996 26
900 773
68 546
990 2
929 729
225 140
497 930
685 582
163 585
568 714
695 248
838 985
930 716
112 947
815 554
20 163
931 919
935 999
816 276
1000 96
4 577
235 501
506 272
434 669
208 353
734 254
601 924
238 882
991 701
828 158
255 847
320 185
117 606
535 933
882 887
380 885
463 967
737 320
238 171
340 797
523 74
50 475
349 640
356 339
340 183
848 946
381 167
483 498
125 17
782 6
255 513
242 69
479 979
389 68
501 728
864 375
153 266
850 501
257 557
192 948
740 39
894 472
558 376
321 682
744 102
39 999
615 280
67 445
610 807
513 462
535 376
189 687
993 38
188 249
594 731
197 685
121 442
157 678
169 829
711 912
931 749
262 897
381 681
341 342
487 205
156 21
933 344
60 925
381 247
526 326
329 74
363 449
515 871
127 683
699 189
946 981
290 208
229 22
888 922
363 726
126 518
747 58
861 806
335 593
404 860
271 732
285 985
180 799
855 658
833 905
199 130
238 488
337 466
509 576
387 223
302 865
93 400
274 953
557 608
898 312
819 520
395 103
504 926
253 710
584 85
614 134
215 851
621 903
669 481
831 407
703 484
271 795
883 545
100 791
152 997
102 323
868 496
425 371
421 678
80 356
114 45
489 328
248 461
583 916
941 413
322 644
896 945
790 130
489 889
920 992
237 373
314 104
868 91
826 640
768 905
996 881
302 836
561 549
297 143
816 237
907 489
232 802
433 22
283 273
910 202
617 499
574 282
602 793
372 780
432 491
684 779
724 337
615 284
237 911
778 52
147 684
893 379
837 325
400 119
950 661
672 918
511 245
199 113
389 571
892 820
413 927
599 136
616 213
419 852
475 548
904 621
583 796
351 419
472 102
889 773
115 560
690 625
156 889
89 544
811 332
716 223
611 314
711 226
878 481
77 704
29 332
676 611
479 27
382 951
480 622
75 594
182 765
571 689
5 659
233 167
343 300
741 953
613 451
178 842
932 606
545 312
938 220
274 416
598 655
718 78
629 793
23 162
909 593
850 265
604 434
431 946
733 171
898 697
622 427
890 905
32 434
216 321
6 489
737 955
496 806
384 124
950 407
285 858
351 486
474 306
920 904
251 4
427 500
53 400
278 942
304 310
728 871
630 85
359 718
39 206
524 423
681 473
181 965
683 531
803 156
837 74
60 439
77 838
939 481
237 216
423 540
877 150
410 859
586 120
576 624
326 99
398 6
924 578
323 606
109 477
761 297
550 172
87 978
9 25
593 881
136 821
382 897
679 967
369 607
942 694
57 340
51 980
917 725
937 377
201 50
25 750
221 112
728 582
488 538
178 432
770 666
253 503
914 283
469 282
889 762
327 298
101 378
629 370
454 566
98 655
615 123
756 187
234 835
768 721
372 298
153 141
315 757
643 228
391 463
510 280
225 836
929 677
565 557
398 19
122 496
673 88
618 780
275 203
615 394
275 986
43 779
127 357
535 121
585 926
936 446
557 512
633 837
188 198
393 938
568 867
785 592
306 402
371 932
956 985
326 230
971 720
361 449
77 247
569 13
524 504
458 80
367 90
268 555
639 661
844 206
879 628
797 184
381 168
468 336
152 793
917 474
864 629
922 940
876 843
304 399
698 761
831 65
203 98
971 841
110 166
47 988
793 195
524 173
714 991
860 218
135 128
691 350
757 965
290 632
159 945
30 208
706 860
272 260
310 594
759 498
759 903
45 634
427 758
976 286
975 462
766 18
811 522
982 452
505 140
397 886
347 454
98 971
713 407
916 164
825 27
662 935
929 58
568 356
815 543
993 790
4 110
807 815
631 140
266 487
631 14
373 329
467 470
651 179
876 567
695 52
945 708
987 225
765 554
932 579
449 925
720 452
34 878
618 17
17 236
503 999
249 227
328 68
696 978
246 923
896 940
975 840
647 313
65 763
866 996
342 666
272 413
470 658
643 87
26 11
674 880
10 923
107 337
342 154
666 587
77 562
879 403
753 877
715 169
640 932
517 333
598 788
97 67
797 739
505 822
750 179
702 759
453 808
447 794
961 112
732 389
25 962
791 778
191 857
298 182
789 814
866 738
954 962
156 750
701 660
572 802
190 625
560 994
784 358
139 96
821 871
485 846
184 627
975 374
484 272
555 624
438 772
361 391
734 868
140 786
527 63
587 69
39 498
62 822
207 553
918 27
423 754
872 958
380 198
332 215
470 238
838 259
10 550
649 95
417 140
232 296
203 818
716 593
667 129
415 873
681 684
899 103
437 123
413 168
320 744
383 141
333 220
399 694
122 399
140 538
539 371
185 93
188 900
685 206
29 99
430 709
134 329
164 570
803 576
738 122
671 120
615 355
691 365
49 812
764 188
702 302
911 886
394 98
138 430
656 166
529 85
226 14
765 389
584 567
316 673
41 338
144 7
693 834
371 93
998 486
280 699
139 190
936 532
640 73
962 647
590 842
731 816
855 848
556 790
414 224
814 806
561 957
812 253
143 535
345 140
20 977
190 159
518 125
42 509
550 355
155 139
548 238
306 755
85 214
896 850
437 710
8 997
666 819
602 808
705 946
299 77
274 488
235 792
965 628
300 514
335 807
4 882
44 662
988 480
875 884
681 311
593 688
659 610
859 260
418 563
206 716
991 479
556 225
622 520
205 274
385 539
80 740
420 475
401 408
306 275
643 986
937 235
26 596
844 884
207 613
798 764
681 789
595 236
365 216
107 569
489 491
459 920
582 231
394 983
990 699
609 632
37 546
866 62
493 61
297 699
674 446
463 354
234 57
941 951
624 47
871 113
889 330
384 470
560 778
804 549
828 413
180 216
958 397
629 802
457 925
852 482
371 314
187 956
722 479
906 698
877 777
162 765
106 545
587 17
674 742
565 502
154 96
717 463
492 698
264 300
622 116
134 344
781 320
300 855
799 557
552 675
685 65
792 142
609 730
158 283
471 74
136 625
169 204
439 12
901 703
664 523
818 149
218 950
468 869
804 618
426 707
645 462
771 788
604 380
869 113
14 691
539 149
667 59
352 106
423 253
808 86
127 977
234 344
926 53
565 82
23 342
788 19
803 559
158 758
290 26
223 303
68 761
803 735
171 506
840 593
758 999
30 236
975 615
932 252
20 496
333 42
189 473
412 991
383 921
101 672
946 323
326 365
435 480
99 605
985 938
550 743
288 579
330 262
194 613
866 213
460 550
606 648
22 369
639 756
289 91
779 586
413 104
950 199
583 49
155 568
338 704
662 626
283 343
239 828
956 456
40 415
6 997
63 379
365 53
135 653
143 913
238 907
369 187
105 951
587 611
870 277
315 883
254 949
226 492
776 533
300 815
947 305
811 361
35 527
413 169
179 907
82 768
813 450
306 269
752 893
880 974
521 194
856 774
142 433
617 269
965 916
83 264
572 245
624 607
771 37
775 301
295 208
68 108
9 373
728 113
617 607
86 137
152 293
262 645
78 879
913 42
146 347
305 718
943 929
324 713
317 450
365 611
10 432
70 18
157 798
482 125
756 567
614 908
212 875
904 289
105 817
682 251
515 987
320 458
267 995
522 935
444 887
545 805
670 967
823 178
764 304
303 519
223 268
778 786
142 682
426 599
850 107
849 716
445 520
173 711
514 47
997 309
285 894
114 954
860 288
484 975
943 138
845 517
405 623
654 898
656 79
496 857
538 696
572 982
215 745
45 80
791 41
389 75
934 854
380 145
141 215
119 435
352 316
952 756
938 957
654 945
36 149
801 573
197 372
554 411
468 950
491 610
343 231
36 628
84 416
773 576
630 243
362 334
558 313
89 847
270 94
143 657
595 943
229 791
667 134
201 134
436 43
96 778
273 131
405 708
898 529
635 880
772 997
213 681
661 653
880 282
747 22
938 341
317 518
131 335
4 683
820 439
78 915
568 702
46 972
410 295
501 44
174 624
40 738
656 701
391 535
334 137
909 272
829 225
789 311
559 144
345 378
582 422
645 501
124 42
473 885
336 325
928 862
300 320
599 955
372 989
842 705
477 750
328 305
326 469
615 236
612 960
965 546
733 609
46 856
650 870
740 338
546 20
199 845
691 797
152 62
786 345
118 614
94 446
919 771
914 885
6 525
196 322
422 929
931 468
136 932
689 876
621 235
247 819
431 937
616 582
998 753
278 467
718 371
912 636
493 825
873 850
702 68
172 123
348 454
942 484
737 631
359 358
865 605
528 295
893 495
229 890
247 506
356 965
229 620
952 73
796 176
923 497
244 446
972 591
899 913
426 987
543 784
344 407
740 872
54 632
366 634
873 965
491 581
281 719
200 584
792 995
760 66
844 355
511 815
945 409
727 371
395 622
506 91
380 598
314 785
581 679
418 806
995 909
386 627
979 937
211 770
283 322
187 126
676 697
292 972
457 19
694 204
992 200
294 371
149 959
156 81
637 573
886 984
833 623
610 812
559 172
933 842
493 120
319 520
168 611
492 625
981 185
180 972
736 473
694 884
431 201
317 419
774 202
754 958
177 716
769 735
239 54
928 84
525 599
603 692
209 94
668 541
279 847
864 14
671 557
250 453
758 566
872 883
119 977
840 295
692 961
382 283
366 661
366 890
259 968
581 819
62 249
359 692
447 222
705 118
131 306
570 888
223 793
770 694
122 961
340 813
273 721
447 638
734 812
527 992
780 460
163 193
60 521
884 506
95 940
623 225
598 545
464 820
689 585
865 810
897 205
975 170
277 421
807 10
233 686
354 364
145 516
556 204
388 791
61 834
730 684
410 327
580 873
499 268
457 363
78 706
567 52
875 844
472 33
205 56
718 558
419 214
425 326
417 165
116 478
998 198
513 760
524 444
632 22
711 441
737 140
146 303
191 372
498 15
404 55
70 474
612 841
687 389
166 104
553 634
933 902
831 797
661 706
240 645
80 302
437 816
442 934
470 984
305 320
350 60
374 772
533 337
612 220
725 129
675 629
114 959
883 944
755 895
650 346
539 81
999 327
896 792
260 717
776 916
36 125
976 409
248 860
746 211
79 822
340 105
451 805
63 685
749 817
579 750
514 470
830 513
796 77
304 408
793 431
675 829
908 650
589 155
862 686
366 940
508 57
45 310
861 107
994 961
276 572
62 141
41 243
5 189
319 661
91 622
644 350
624 232
857 485
270 222
424 777
630 820
86 842
279 431
803 906
2 864
46 395
107 403
583 777
63 530
240 505
151 235
855 774
819 711
610 88
284 386
216 913
205 653
754 835
83 908
740 84
772 138
478 230
540 412
358 954
293 950
458 444
184 312
569 2
374 179
441 657
916 656
921 120
308 675
307 742
934 46
826 705
535 655
286 426
419 644
379 711
593 837
506 776
500 427
130 874
605 922
882 520
578 803
991 237
829 297
979 762
695 156
819 229
162 104
655 580
747 385
291 691
573 148
467 73
574 948
298 530
869 531
49 798
333 392
387 513
40 365
275 734
872 445
315 33
548 321
613 647
705 255
337 630
402 155
54 976
454 351
505 323
233 906
472 566
649 858
430 688
574 56
774 445
500 440
478 400
760 442
46 816
48 734
797 801
241 850
776 694
552 633
368 785
890 840
350 538
49 131
577 623
187 702
67 686
493 896
85 252
689 482
420 88
568 216
889 808
418 16
853 969
1000 221
753 889
412 454
778 460
585 707
82 771
760 501
808 253
748 245
856 789
726 627
876 645
195 116
804 612
132 657
580 131
229 333
372 640
786 149
99 370
207 533
492 967
33 300
219 132
544 426
920 621
53 148
266 247
263 69
858 394
77 437
877 305
121 248
944 259
748 43
980 307
927 472
273 959
771 843
442 314
268 362
934 672
861 551
918 123
620 775
869 696
564 745
1 36
344 296
294 91
690 274
397 616
745 21
926 867
215 368
532 835
81 465
506 941
368 424
63 987
550 283
34 465
27 386
853 370
34 146
813 723
771 561
339 867
582 264
733 148
631 264
982 63
81 488
3 448
911 418
786 812
700 171
629 79
909 481
448 942
626 612
664 749
173 354
615 106
618 700
253 600
315 235
663 747
74 17
194 336
434 331
147 134
854 775
212 762
255 11
703 233
975 718
333 499
424 299
956 393
350 208
992 665
794 6
411 867
375 957
202 808
639 701
293 492
827 856
253 434
219 307
18 193
377 350
43 800
648 998
192 998
205 535
14 351
893 776
569 267
732 771
426 371
823 719
862 649
926 467
82 144
773 99
688 149
800 730
300 448
79 491
797 636
378 162
986 270
937 554
888 669
676 313
391 498
31 604
499 309
70 580
452 843
31 492
343 830
573 995
629 652
485 777
287 214
938 624
835 875
177 722
895 205
35 285
54 417
888 552
725 310
132 529
504 514
372 846
343 944
840 972
595 677
748 233
242 686
856 77
912 385
798 806
589 184
442 994
601 681
546 677
342 29
205 845
542 928
43 884
872 882
207 818
910 955
51 152
992 258
580 903
642 377
60 582
561 853
576 513
885 473
189 227
853 746
71 394
673 113
629 896
347 836
714 608
142 116
111 133
373 690
387 367
419 798
300 979
2 875
843 886
699 383
112 551
480 535
296 505
647 925
400 345
112 465
953 253
580 63
737 305
105 475
671 523
272 970
853 625
197 695
510 247
77 974
798 909
508 93
413 154
369 812
851 480
277 803
84 208
217 172
512 321
646 534
843 269
856 695
893 404
741 755
650 170
728 799
78 235
244 490
740 612
301 590
444 929
744 527
137 961
699 1000
281 696
534 476
965 741
522 209
144 263
963 793
432 690
944 861
924 187
350 16
798 2
605 241
283 349
120 771
661 818
770 941
865 655
416 829
395 290
38 538
552 352
683 335
42 626
195 317
164 896
332 961
249 289
554 531
989 673
653 649
842 423
941 706
77 709
887 824
998 276
713 901
627 747
235 20
724 781
337 887
28 20
848 628
308 753
159 648
777 163
296 618
585 589
675 14
297 913
189 294
188 901
194 167
648 780
186 371
912 522
258 939
542 457
566 201
209 76
849 985
239 144
954 175
84 980
188 380
893 376
25 432
629 570
598 628
349 784
350 612
305 959
550 198
415 468
399 975
543 247
311 133
742 616
308 826
596 847
557 840
575 582
271 555
503 869
182 204
652 531
815 308
490 717
858 256
184 256
231 78
854 893
211 947
509 870
772 456
68 681
647 642
262 917
196 116
137 377
319 140
260 134
448 749
850 305
356 385
912 586
462 765
831 24
711 691
893 835
498 961
515 144
954 128
60 502
243 549
230 914
688 489
47 487
589 248
791 945
632 54
882 93
170 712
469 881
754 361
67 251
673 933
394 979
412 806
480 654
354 709
919 41
550 317
528 138
564 670
434 547
724 316
992 245
379 460
125 133
172 543
735 845
475 129
175 886
286 654
892 639
714 162
31 615
479 910
105 42
932 538
941 655
205 932
251 584
391 728
68 562
270 802
758 97
282 284
334 919
937 577
557 3
739 940
617 217
849 721
610 780
611 550
786 815
481 37
750 223
764 169
137 385
971 894
481 604
178 167
523 466
743 431
820 481
722 789
697 923
861 659
54 471
208 192
286 41
580 387
263 695
556 399
79 878
645 912
481 174
78 355
639 820
138 811
653 211
599 701
133 459
359 187
930 919
378 567
959 957
953 573
651 508
972 81
385 968
344 218
141 421
924 131
593 413
941 597
624 891
297 756
350 8
294 631
926 23
549 236
979 853
808 981
414 97
450 757
666 590
530 590
73 474
2 13
70 625
904 718
733 605
725 26
587 2
49 487
589 379
339 749
712 51
231 477
148 681
233 165
622 114
754 694
587 108
707 8
84 962
726 168
918 802
546 856
156 594
342 744
324 680
844 387
731 75
863 230
107 448
394 728
561 500
422 500
607 480
507 42
793 584
210 710
738 107
917 893
52 258
988 375
937 832
114 667
258 976
248 364
775 642
443 688
141 216
187 99
695 45
492 487
981 701
548 718
159 464
610 210
721 949
585 10
132 50
28 389
377 276
104 152
269 899
839 409
114 377
859 809
773 350
647 753
403 547
470 561
10 431
771 83
380 707
444 511
756 471
252 132
98 707
283 366
605 473
126 719
201 984
879 326
334 525
430 736
71 252
296 433
682 66
515 413
124 310
276 879
132 527
11 230
233 645
947 190
470 425
908 670
408 786
347 93
662 777
828 733
28 476
165 61
893 31
826 17
340 101
895 823
979 257
52 211
902 351
752 371
775 659
392 534
796 91
627 458
867 454
542 246
281 58
658 526
440 483
542 131
583 788
953 561
45 5
124 298
707 875
20 833
886 763
366 33
853 992
842 71
798 735
316 78
792 974
603 231
456 496
636 314
951 32
670 74
329 728
301 700
560 538
462 925
570 315
917 412
737 714
146 53
143 290
378 98
520 185
945 233
575 580
898 878
611 919
303 939
998 603
990 557
140 452
481 62
118 749
473 854
814 970
258 309
259 635
406 131
172 350
715 98
282 964
975 892
882 278
183 879
232 172
787 372
623 619
433 92
368 257
946 533
226 203
841 837
190 598
319 361
948 33
810 581
996 785
472 229
62 654
459 645
178 245
16 800
215 800
892 582
408 189
467 986
743 307
822 932
905 492
644 204
524 454
784 871
590 607
451 3
261 261
647 438
857 15
589 71
814 832
5 222
372 471
207 115
777 380
46 33
871 42
588 746
847 723
968 436
330 770
438 942
30 84
731 886
98 671
956 264
855 312
485 226
782 43
340 911
422 738
943 644
779 883
389 625
605 708
60 286
477 849
579 506
932 661
743 382
332 50
645 186
362 481
763 143
523 103
53 296
840 348
939 970
230 327
946 186
34 5
824 862
205 402
719 136
63 461
869 746
862 513
283 223
345 45
718 867
147 122
162 338
469 452
659 50
130 604
588 515
960 411
376 164
164 94
300 578
554 520
323 416
33 957
990 377
2 707
596 500
181 109
838 649
561 496
51 690
452 638
205 411
400 580
575 915
26 226
493 579
745 167
346 129
124 688
858 477
746 453
976 926
561 813
575 473
661 977
163 112
614 719
874 365
298 448
279 323
673 123
254 418
642 951
546 117
990 403
593 736
207 568
661 768
733 587
592 745
563 754
208 528
824 81
244 474
529 875
148 553
349 401
970 990
704 868
458 693
622 50
780 829
970 441
948 54
379 539
798 294
645 357
821 468
437 417
941 317
291 89
870 639
841 191
981 896
58 438
941 680
840 720
860 809
160 807
862 891
345 11
184 341
367 4
809 155
772 101
472 62
541 693
53 734
883 33
629 293
822 569
324 661
641 183
821 800
989 34
690 685
44 873
26 762
229 186
917 1000
286 740
414 179
432 466
912 666
850 540
310 671
461 633
684 101
815 856
252 155
890 294
192 285
518 217
47 98
754 315
450 391
54 863
569 837
328 480
502 529
372 812
199 184
796 234
284 963
90 887
469 979
180 660
615 50
228 661
147 981
327 596
372 380
810 292
568 489
772 422
17 495
585 568
678 380
801 313
342 890
199 811
220 731
822 835
780 50
847 278
382 174
874 753
905 683
397 473
524 520
894 540
14 478
107 691
857 908
355 551
149 553
713 369
283 534
555 414
935 401
692 317
574 917
421 479
951 817
951 474
336 844
366 701
673 472
391 529
731 97
431 880
650 143
600 284
29 154
50 963
554 93
279 128
361 700
958 311
516 908
137 204
103 502
904 775
325 647
655 56
743 438
287 744
580 886
380 960
39 429
923 944
521 553
423 881
543 472
639 31
675 93
532 930
867 209
576 874
264 671
311 550
414 242
787 793
202 177
221 476
120 93
28 543
325 984
274 868
455 913
898 129
5 782
410 224
990 986
97 605
656 759
154 421
1000 292
214 201
468 786
28 939
879 408
833 555
391 107
422 845
371 672
325 727
453 734
950 794
71 398
398 78
156 903
499 156
194 64
708 13
201 88
951 431
495 784
986 237
242 407
433 612
430 757
338 882
842 640
27 265
37 424
342 545
678 192
52 871
607 111
235 808
198 186
238 44
321 223
280 562
982 712
173 411
820 862
645 14
501 671
630 890
447 323
434 124
515 837
347 473
947 581
280 497
118 518
540 438
92 172
999 73
883 523
836 55
737 480
420 589
502 49
478 948
371 263
424 237
99 770
710 398
702 989
894 820
858 433
609 950
956 608
22 839
482 209
245 570
688 664
159 542
712 636
489 434
251 264
671 701
385 380
98 87
720 343
258 578
128 866
879 83
825 252
273 307
461 517
876 148
180 386
22 882
29 624
145 699
324 530
430 422
968 149
116 225
78 243
90 956
326 915
208 598
573 668
115 800
167 646
186 208
241 559
89 269
182 585
319 505
114 748
278 81
248 394
657 678
988 747
633 313
13 192
263 585
211 729
736 378
726 921
937 318
831 377
586 12
961 256
869 427
355 498
507 955
243 516
632 231
262 616
895 626
808 157
562 18
237 297
747 963
570 683
280 400
411 218
764 372
473 632
798 180
129 656
134 724
171 765
954 784
380 848
761 539
357 322
557 945
619 655
907 540
338 539
939 100
108 702
471 932
685 268
111 166
276 244
889 798
360 842
582 92
41 342
630 749
16 538
694 634
193 952
173 882
490 463
981 597
517 452
881 201
71 991
366 346
587 254
496 946
447 77
37 488
770 19
588 785
556 281
770 748
233 294
629 74
109 610
23 625
61 903
825 483
245 543
181 831
796 676
777 595
104 165
434 225
183 21
362 91
302 483
838 886
777 467
311 885
76 685
509 488
587 685
322 832
227 502
662 375
177 790
969 632
307 402
857 841
422 218
931 75
700 769
312 828
587 975
64 14
659 924
853 598
609 174
429 187
676 442
561 204
584 881
188 890
282 44
730 56
613 13
482 664
781 146
492 367
120 555
732 130
479 584
727 439
757 507
625 784
949 538
340 532
418 527
773 52
570 854
459 534
866 292
197 998
437 40
364 908
595 95
390 425
678 116
215 787
623 191
570 923
728 909
806 146
435 578
549 356
431 7
889 649
298 86
646 87
477 362
346 423
456 735
847 486
203 413
624 177
604 193
99 683
454 904
180 240
481 728
596 263
86 836
911 736
273 909
174 750
270 519
172 725
606 371
562 160
783 185
336 738
730 434
421 535
337 600
774 169
328 369
783 765
205 46
500 477
954 673
578 223
544 750
299 149
120 213
308 254
749 643
992 478
428 412
12 116
11 138
636 690
506 418
455 62
815 954
891 768
979 468
342 522
217 641
22 336
205 329
942 953
323 933
783 750
344 146
217 706
283 852
396 789
621 202
202 436
507 92
555 485
560 897
358 128
889 379
816 93
59 757
397 381
689 179
482 384
325 698
89 607
549 836
747 170
389 949
957 896
392 511
732 303
759 442
431 999
820 246
443 879
354 840
611 42
18 93
777 694
142 865
653 691
53 399
212 441
699 520
688 443
382 420
745 141
861 175
139 32
772 934
262 125
773 873
518 142
317 294
836 458
511 840
500 563
590 63
3 641
582 691
83 964
462 827
456 674
354 946
705 125
879 967
602 651
191 119
145 507
765 332
316 275
171 816
837 760
878 191
400 460
233 482
775 694
661 230
367 14
175 424
138 54
742 739
56 284
210 200
790 326
883 105
600 53
272 788
813 150
330 564
961 563
398 87
608 58
316 327
71 842
750 208
247 843
299 655
126 860
206 915
371 136
141 643
275 305
144 604
221 456
518 618
542 126
675 209
452 745
50 201
304 649
395 954
303 520
165 508
786 349
596 508
836 89
502 110
393 645
66 613
452 583
230 993
708 256
201 511
352 603
63 8
251 457
961 905
976 478
412 761
178 360
621 14
448 122
475 840
767 892
805 218
475 386
563 534
642 115
45 345
69 459
352 671
916 665
575 891
142 987
4 319
346 624
684 145
97 511
984 863
402 140
433 228
526 347
114 519
461 510
215 882
968 567
552 883
583 127
126 76
465 481
746 810
104 430
306 200
292 641
415 693
781 199
921 658
897 34
176 357
543 390
238 510
308 142
745 242
268 870
317 732
350 63
893 805
844 198
356 135
838 122
179 618
320 99
627 216
484 802
925 26
544 514
888 203
655 632
445 922
501 761
5 202
175 897
6 370
446 361
504 284
483 683
253 154
133 880
33 646
994 928
511 233
131 166
216 575
439 68
687 444
269 862
692 274
231 138
987 87
773 821
121 25
974 253
256 695
221 641
692 567
568 203
799 698
720 15
272 158
82 959
953 703
172 645
976 754
134 314
840 906
134 960
282 460
565 538
506 137
530 198
703 97
400 854
795 471
220 418
628 301
728 933
3 899
577 331
5 710
996 844
967 130
156 248
941 72
137 446
208 666
643 263
115 394
116 909
864 335
678 844
987 406
776 342
656 704
765 19
856 731
500 11
330 440
434 819
886 993
484 880
255 598
274 722
858 489
408 536
332 395
293 107
88 948
162 111
960 926
129 815
656 629
177 338
68 610
156 305
602 639
185 209
589 810
930 798
298 690
685 630
84 977
88 523
633 588
527 113
402 535
741 930
872 161
539 27
465 492
17 1
52 605
810 334
755 108
23 439
89 458
768 528
980 396
129 612
983 656
76 384
190 169
665 413
329 203
439 145
46 455
146 450
412 307
783 166
414 805
956 854
614 723
382 593
118 862
556 452
869 631
187 410
799 851
822 479
405 260
624 451
715 121
252 126
427 34
643 193
398 803
321 131
747 790
993 302
242 213
284 428
623 83
631 444
561 35
56 536
837 122
8 88
247 787
473 241
331 662
838 728
816 510
859 562
652 203
215 893
415 499
672 37
581 302
833 493
689 888
381 525
9 740
613 607
526 85
199 208
99 36
936 914
546 146
476 197
348 690
441 762
540 464
151 120
118 983
965 806
222 697
330 582
436 294
540 962
379 738
169 477
773 456
742 670
601 217
866 300
259 658
62 798
122 212
270 591
546 586
396 767
282 77
348 717
371 887
30 101
624 551
577 748
6 318
418 959
887 635
258 497
293 671
646 766
234 267
356 779
852 103
545 133
179 892
202 901
130 231
1 753
781 929
501 139
599 918
449 837
552 706
333 196
729 330
961 962
597 668
741 448
770 285
933 301
529 134
553 658
364 906
411 497
834 263
635 784
532 83
620 435
140 952
631 868
282 943
830 230
611 922
677 732
206 609
384 734
94 289
744 458
194 506
954 27
768 940
811 651
22 430
85 161
734 67
381 367
10 562
596 972
483 624
55 40
585 439
126 678
79 869
135 272
374 440
650 493
731 460
495 752
242 931
265 327
998 997
45 359
558 640
682 40
263 736
79 847
526 204
525 604
424 11
875 149
803 525
641 533
336 487
637 929
418 253
255 415
249 299
125 806
290 806
197 905
541 627
751 419
831 627
22 606
990 249
773 747
28 460
234 664
389 651
268 995
417 516
646 541
321 935
346 869
839 238
496 942
656 678
920 678
283 261
926 389
404 50
136 784
509 369
799 249
371 67
244 787
582 241
327 255
175 24
123 366
261 618
659 917
647 930
594 930
191 871
318 946
920 805
81 780
173 880
29 895
946 624
681 527
864 359
133 390
382 608
107 995
577 765
911 224
47 856
505 589
78 822
886 349
979 967
128 151
846 508
398 791
131 78
669 346
789 154
736 522
761 842
516 337
959 778
560 357
985 64
945 62
238 830
410 216
796 890
718 993
397 115
135 880
545 156
225 685
309 312
206 421
506 722
757 816
851 669
172 836
84 116
897 673
297 659
240 445
548 310
437 296
424 572
175 320
727 752
4 387
63 562
807 568
635 563
383 485
583 906
320 667
21 569
339 670
579 931
114 478
240 550
773 663
473 300
335 199
937 465
251 743
385 885
722 240
673 393
258 45
961 949
66 891
879 179
368 118
81 141
132 553
792 466
104 842
508 40
658 758
135 42
995 792
809 716
383 833
108 641
229 421
589 295
311 467
473 679
584 905
171 715
458 962
533 913
155 40
952 812
149 438
854 143
229 14
210 612
846 670
252 426
90 840
658 545
782 241
449 304
307 258
265 839
170 419
230 474
583 379
911 436
873 140
449 83
103 646
104 354
71 545
545 143
296 554
687 430
794 135
733 452
393 998
291 914
768 520
387 702
250 298
137 123
789 937
557 891
582 660
596 5
204 492
147 499
45 185
280 190
319 13
641 63
362 283
977 129
155 715
183 404
12 319
526 800
608 82
690 541
741 285
545 944
128 43
795 172
227 426
713 898
438 354
312 799
988 640
280 142
355 462
546 366
132 71
518 739
505 207
280 245
844 176
541 971
219 687
495 445
112 207
694 902
912 6
52 900
645 331
41 999
144 586
717 276
9 234
366 513
792 997
757 987
173 649
310 391
687 156
187 151
362 881
52 274
238 103
525 882
786 565
233 929
503 301
556 511
886 274
23 677
270 131
16 442
132 325
184 818
480 371
968 193
603 371
818 840
826 342
73 611
907 657
891 409
957 799
271 842
72 293
871 341
423 238
783 906
914 966
724 745
688 43
937 290
414 107
481 239
448 554
201 706
562 91
466 519
889 736
712 960
380 934
653 155
171 435
60 436
752 135
180 792
178 469
433 943
575 914
533 374
819 733
432 380
250 64
985 314
375 364
247 27
870 770
813 930
557 917
64 737
708 593
557 140
535 131
405 67
856 575
151 287
955 326
184 556
741 520
869 115
235 468
494 105
589 306
34 497
574 449
233 281
42 141
773 928
271 177
347 127
752 497
765 58
174 948
965 914
819 186
29 54
5 874
158 945
531 543
441 105
343 26
737 736
166 509
664 789
38 10
267 141
858 31
550 32
331 866
945 149
51 325
202 55
198 711
351 729
605 792
185 948
817 921
35 334
430 698
122 819
59 388
311 269
419 860
652 749
725 596
249 128
273 451
534 470
513 885
550 470
676 734
769 844
7 803
177 436
853 651
606 911
38 916
531 456
127 182
556 203
130 805
682 402
607 216
223 471
100 125
940 127
210 708
322 216
511 850
3 363
500 608
625 538
875 508
345 353
689 253
908 818
409 589
571 15
804 794
837 255
270 777
733 479
836 54
695 698
904 697
60 755
657 37
644 531
896 341
236 584
593 143
754 353
731 676
367 535
821 555
141 90
331 874
569 519
927 615
216 182
311 628
289 967
664 932
850 911
272 85
846 216
227 599
568 957
627 286
843 447
193 984
537 523
209 457
41 135
71 257
669 733
884 957
700 899
240 549
161 864
985 6
431 211
605 351
519 583
636 714
29 828
49 917
703 257
373 95
391 795
703 411
528 938
719 227
188 959
127 348
822 463
354 252
673 310
602 543
892 590
256 920
769 304
189 823
560 561
270 303
356 972
65 883
910 784
461 449
742 939
797 915
401 502
518 425
163 120
967 54
61 575
325 181
878 513
4 790
426 273
444 781
15 857
291 827
306 384
765 454
298 165
307 168
589 469
639 907
874 699
481 198
231 711
63 586
852 488
210 295
620 806
802 986
14 445
812 319
828 576
124 478
92 430
645 32
898 635
938 771
333 771
321 915
481 735
501 332
222 710
978 193
867 779
178 881
575 989
551 755
916 675
232 359
456 228
390 706
862 679
828 546
449 148
460 281
882 312
964 455
374 941
647 240
72 176
120 646
164 23
400 431
697 983
789 504
562 178
209 775
209 37
320 657
536 132
290 770
795 253
576 168
546 575
408 617
750 879
262 266
901 14
696 949
996 837
453 910
14 661
684 574
49 356
231 937
487 872
706 281
124 633
801 669
207 208
285 957
438 899
222 339
264 269
639 611
105 91
520 471
104 204
44 504
559 274
440 397
29 621
130 829
641 336
388 278
644 826
176 865
516 791
134 154
401 238
597 921
708 52
476 104
555 386
729 995
782 226
843 162
846 324
660 730
763 655
555 290
872 422
80 5
928 833
594 524
105 654
575 932
757 481
317 485
827 450
710 670
611 907
993 953
745 4
683 507
659 589
149 530
11 580
886 290
412 831
165 868
836 739
799 944
571 115
429 398
916 490
67 527
749 411
831 493
767 513
351 777
454 499
658 464
431 543
105 194
725 269
359 212
504 929
327 284
326 594
126 744
120 874
507 951
718 273
815 68
49 268
919 706
83 701
600 187
894 324
807 307
236 165
519 740
94 197
375 771
790 500
515 262
725 21
564 442
645 378
862 693
998 780
398 432
480 349
619 725
672 425
32 908
942 550
999 35
98 373
805 887
225 671
148 949
43 711
743 687
441 604
379 438
735 128
869 566
476 839
642 500
616 673
407 557
574 757
943 671
129 99
910 705
770 57
654 812
768 748
851 208
703 581
997 437
61 217
354 536
56 995
387 23
20 145
931 593
901 873
616 382
971 525
86 740
581 91
904 700
838 106
259 540
686 607
328 746
824 33
634 231
253 47
165 183
991 417
55 606
798 25
130 884
117 63
326 372
114 164
477 373
55 162
331 735
260 154
767 893
384 146
264 636
192 780
170 535
197 224
140 346
601 622
581 69
36 907
440 501
422 268
225 476
781 556
210 40
709 977
932 93
122 548
80 666
327 250
552 875
825 43
221 425
16 801
845 51
59 636
552 480
903 776
956 684
683 517
723 392
845 7
836 319
554 267
336 232
516 887
107 693
929 327
117 945
479 314
995 538
949 898
17 852
26 324
887 708
841 609
451 37
967 286
355 520
553 690
752 420
576 858
112 505
536 581
449 14
894 795
903 194
45 272
45 70
595 931
129 787
892 580
824 858
865 178
730 769
220 833
189 795
42 652
651 577
232 99
942 477
246 197
671 290
468 67
711 62
350 839
201 241
418 24
450 635
553 531
755 772
363 943
919 756
947 569
332 178
668 626
7 265
822 677
554 641
743 616
702 444
454 254
684 224
629 486
210 182
16 964
305 731
259 223
486 205
792 170
734 811
147 740
75 968
416 980
608 511
595 661
306 400
267 342
975 895
827 184
76 194
148 381
276 406
955 114
610 98
908 429
435 334
748 202
665 707
64 611
719 370
363 985
711 337
880 889
521 307
82 20
687 710
425 994
823 386
91 457
80 351
885 514
684 984
68 701
42 131
311 760
500 25
745 210
362 976
98 234
282 532
253 321
241 677
314 415
414 404
871 493
754 755
359 790
90 426
490 131
908 152
890 408
529 986
969 890
961 419
123 243
302 375
563 542
403 228
308 168
983 178
12 89
284 370
878 373
147 719
855 55
222 96
814 750
82 134
991 394
552 113
988 853
839 902
746 593
129 53
760 112
582 772
552 865
493 429
237 640
499 91
46 720
539 211
822 620
344 812
365 248
277 353
452 467
606 550
60 735
954 171
198 536
942 749
400 435
529 989
426 27
431 823
98 969
33 271
588 376
83 305
975 711
657 427
177 262
976 588
348 929
759 897
464 700
997 864
486 525
852 263
903 282
85 353
603 469
623 190
197 57
846 171
119 502
597 296
116 572
235 815
853 993
712 316
45 60
531 882
937 734
145 839
368 581
543 970
50 518
511 246
574 357
416 693
210 13
340 325
936 926
492 788
919 555
456 315
614 338
196 550
72 340
741 791
921 283
112 970
800 622
567 726
978 982
770 540
346 461
216 634
386 707
773 656
261 228
970 227
918 166
776 989
857 868
131 777
503 242
98 302
863 664
379 193
998 148
84 343
960 299
328 346
6 101
1 618
680 971
844 597
488 972
937 344
191 67
473 693
660 570
347 875
586 725
67 935
225 502
277 184
800 957
881 157
57 882
775 736
204 970
685 691
293 621
386 484
40 858
176 699
780 522
573 717
599 991
651 175
492 279
358 292
235 591
800 643
472 926
731 27
896 415
69 540
387 454
375 426
664 551
477 795
424 49
511 374
392 161
548 883
791 258
526 26
848 678
668 671
603 398
697 850
164 117
390 551
922 764
976 585
666 804
379 442
853 241
167 596
753 715
830 544
324 708
921 171
385 940
841 987
690 889
837 853
5 578
403 926
693 731
863 711
534 593
504 738
186 670
685 938
736 515
833 59
222 753
229 958
45 421
944 734
661 132
938 17
61 693
943 106
775 157
816 660
101 319
398 286
988 434
224 724
948 408
134 521
161 715
478 557
135 774
290 796
257 227
164 670
271 106
775 45
614 942
705 715
260 454
352 599
887 927
674 835
335 808
707 847
522 537
403 8
662 692
155 918
270 319
939 541
776 713
937 390
654 641
456 265
94 807
864 981
734 889
167 420
696 225
266 569
761 668
577 422
711 731
692 332
49 630
224 177
695 161
918 348
801 373
613 247
531 828
579 616
716 745
35 764
969 652
332 82
671 908
503 381
991 546
65 391
176 288
567 870
800 484
569 953
208 533
199 91
360 777
706 428
873 93
191 193
744 874
274 415
134 129
147 124
674 563
866 201
203 433
422 2
268 991
954 828
523 504
918 235
632 975
14 504
67 556
697 163
429 322
929 562
802 427
37 828
990 903
28 192
687 802
545 306
792 499
133 666
354 50
900 986
25 913
841 443
820 889
605 249
563 885
162 364
312 199
191 301
453 571
372 388
444 515
238 577
180 592
978 80
929 354
344 769
797 164
10 753
764 572
638 925
935 301
123 478
601 575
400 796
65 771
183 509
285 421
364 766
247 644
120 591
412 268
106 773
20 221
344 9
145 631
309 620
108 261
546 507
56 963
629 239
823 265
11 259
80 726
376 679
369 495
621 132
114 726
905 486
298 248
494 442
878 155
413 337
767 311
195 823
273 175
413 95
439 423
705 871
148 80
901 868
927 521
999 40
598 903
525 895
503 371
688 732
877 101
69 643
411 615
465 683
790 877
129 580
651 833
802 150
912 702
17 838
222 16
230 819
270 754
713 772
476 401
504 352
853 924
995 263
538 811
297 327
40 777
907 690
609 708
192 872
410 560
710 983
927 939
802 197
44 866
320 520
266 823
223 118
746 217
732 284
28 380
962 67
156 220
108 116
928 651
988 689
211 49
671 489
339 824
685 382
690 5
253 307
179 476
777 277
692 860
912 71
592 873
137 99
93 597
215 372
247 554
412 457
602 434
946 940
258 982
321 299
338 926
605 517
401 733
145 444
593 56
515 184
928 3
282 372
599 496
95 198
401 506
654 2
940 951
941 549
285 614
199 974
539 803
842 291
536 986
734 480
41 600
663 321
955 944
44 553
792 139
750 192
644 756
546 935
58 838
835 694
451 33
668 341
188 509
983 723
495 717
554 887
668 216
207 622
511 251
527 654
741 628
198 384
735 743
671 145
580 857
838 383
890 857
75 77
366 58
151 212
126 704
98 793
271 657
767 781
259 293
435 999
272 984
734 359
78 404
503 9
261 692
391 502
901 466
578 618
523 80
829 648
783 278
792 53
934 558
185 544
202 971
542 826
954 276
184 383
31 38
392 643
729 782
144 981
599 73
598 121
152 426
120 286
56 264
690 341
821 875
885 375
197 778
200 503
53 735
885 436
772 276
78 852
410 574
833 8
646 430
481 150
208 952
435 615
215 477
955 388
703 191
762 899
969 313
401 21
399 638
808 170
913 886
373 322
459 557
682 456
339 162
605 546
113 392
160 328
220 466
715 922
657 828
172 625
492 925
997 890
562 805
411 826
42 783
500 500
340 181
307 678
342 912
575 454
655 86
133 874
551 199
147 559
26 318
183 517
594 532
406 155
336 816
333 377
951 832
228 642
12 534
319 353
797 245
158 803
330 291
28 232
489 174
791 867
844 325
735 437
856 493
944 543
660 276
919 610
459 498
251 470
384 921
174 532
165 331
335 846
973 362
78 814
888 220
32 83
544 766
871 400
258 166
942 918
793 213
527 251
62 130
720 445
50 893
977 567
576 311
412 900
24 841
713 263
60 744
697 604
510 920
355 119
85 648
36 230
212 915
480 274
44 552
718 445
796 46
11 371
356 775
615 335
346 675
431 395
630 940
314 336
410 750
983 446
979 195
360 459
820 755
362 537
551 157
583 914
880 290
688 502
373 654
836 719
680 266
113 309
557 778
644 967
527 979
764 506
525 123
316 344
229 677
880 779
833 814
692 712
456 731
213 828
385 401
898 64
666 362
725 575
139 720
541 666
698 304
171 222
778 838
565 358
514 797
136 698
962 180
762 417
910 326
245 646
726 494
710 744
856 786
318 994
505 210
11 555
865 533
776 994
370 693
351 883
489 838
581 802
17 694
219 927
19 815
572 745
308 633
488 163
418 157
509 275
718 519
829 582
404 604
575 773
648 925
8 488
762 940
290 131
633 508
409 651
322 980
747 981
965 586
144 734
742 4
8 459
874 836
392 277
792 966
402 439
242 761
279 356
700 568
486 684
427 894
686 748
225 433
728 541
370 223
275 464
578 634
274 452
822 666
80 613
983 481
403 225
593 681
932 644
600 769
327 26
662 365
125 238
149 205
131 518
779 405
981 357
390 255
808 211
272 239
823 254
720 578
830 312
610 761
956 562
529 634
587 542
350 64
780 498
620 910
368 398
666 700
754 55
954 913
266 577
152 440
831 223
369 660
886 979
773 193
892 301
179 478
195 528
893 326
378 512
587 745
910 252
444 15
658 750
280 275
326 783
67 156
5 435
168 242
765 292
435 656
592 965
486 786
492 378
463 221
890 49
965 151
300 409
165 310
510 444
584 835
226 650
343 582
437 862
176 201
153 610
857 96
926 342
234 769
719 696
990 960
745 954
110 396
714 627
705 575
422 641
410 1000
642 104
581 78
317 756
631 469
717 487
564 994
180 149
763 250
845 752
210 589
57 671
336 123
297 393
697 719
385 458
718 26
913 650
456 229
758 86
697 826
924 613
820 103
761 582
704 957
685 913
897 93
936 233
567 232
625 264
302 9
73 371
386 986
373 193
214 130
278 263
955 553
875 126
7 987
59 711
944 95
188 910
72 754
494 48
369 795
408 442
518 146
779 890
338 344
19 968
606 325
520 832
803 527
819 861
589 114
956 563
305 495
825 729
248 318
776 969
464 536
410 981
681 540
870 18
883 240
985 489
565 857
672 719
735 842
579 323
955 886
237 260
380 61
988 980
730 115
948 194
650 709
174 682
248 44
700 130
283 36
970 199
892 642
917 626
835 848
948 790
733 537
401 465
597 740
444 327
854 391
872 856
99 45
537 698
440 588
179 75
624 501
625 867
494 894
493 328
741 792
117 825
680 869
289 277
608 84
955 814
826 178
21 924
222 909
973 14
497 152
88 472
652 64
338 145
957 182
472 49
326 941
226 5
161 866
633 769
950 939
934 775
116 954
862 23
703 710
526 142
533 529
205 871
25 514
404 849
562 729
789 787
734 301
653 366
69 954
657 354
728 772
659 778
461 521
153 163
582 678
656 115
559 213
337 583
726 740
431 287
821 571
426 906
872 430
623 292
383 279
646 110
51 304
240 511
176 744
26 758
421 33
224 331
245 560
914 970
651 344
609 823
915 34
728 786
463 351
77 845
306 679
378 897
542 905
640 919
662 61
951 237
743 196
148 656
165 151
352 773
973 618
158 701
755 620
51 183
816 31
257 474
710 986
370 603
890 10
521 552
422 471
140 164
18 288
820 535
438 523
659 762
140 817
462 894
788 864
76 956
895 332
429 956
317 798
558 207
807 430
110 580
252 601
744 270
888 915
156 677
437 814
439 576
630 252
821 770
116 896
725 362
580 153
317 896
302 226
454 461
7 915
40 258
516 783
879 755
49 34
784 485
200 222
412 181
825 584
950 940
480 674
653 59
178 969
306 480
546 112
292 552
378 331
810 893
114 40
1000 514
74 783
999 625
356 762
805 180
346 755
472 177
780 124
587 310
93 244
141 990
355 432
542 85
762 703
329 227
742 328
741 167
462 91
791 817
852 596
997 549
702 468
725 833
943 311
494 35
907 634
377 261
417 918
697 179
620 26
757 713
353 849
880 815
939 22
983 143
969 979
43 670
798 768
855 741
430 348
127 336
334 503
949 750
280 391
22 389
456 375
237 335
541 528
356 523
670 325
854 64
346 3
831 552
95 613
900 222
300 585
76 600
334 848
597 966
590 618
354 45
344 590
731 236
469 87
111 138
763 316
202 460
318 384
12 413
348 263
634 1000
199 61
951 532
908 899
849 850
869 202
894 564
144 625
800 612
63 262
102 177
577 655
636 894
390 999
306 90
613 291
89 811
704 391
695 611
290 543
812 158
97 706
721 592
682 872
555 96
133 8
272 709
662 259
955 404
610 612
493 222
903 933
385 958
323 79
920 964
973 732
121 421
789 194
364 470
65 919
917 550
278 540
258 292
798 212
695 759
824 539
333 78
471 717
387 145
147 306
461 471
37 581
892 825
126 607
646 191
877 562
92 155
101 349
446 251
913 492
9 88
30 693
517 852
409 903
348 907
560 808
378 597
389 621
773 866
227 419
408 104
332 499
258 785
200 55
35 112
546 395
551 575
440 419
426 848
321 125
107 880
933 484
828 673
456 601
538 682
371 946
137 54
444 746
838 643
800 224
106 697
971 8
271 410
426 48
609 98
173 715
330 105
550 157
129 5
109 666
39 831
611 527
885 407
273 722
401 424
298 859
121 268
866 743
29 644
741 315
704 422
771 605
931 899
962 39
916 1000
222 879
878 106
285 150
179 37
926 828
247 46
95 113
140 475
756 282
464 848
596 167
270 718
771 200
968 732
590 884
83 811
762 961
268 398
462 799
434 739
626 681
784 73
145 924
547 252
205 10
451 153
528 720
222 651
271 190
734 213
73 169
375 186
129 995
583 942
793 368
681 770
400 816
842 896
91 741
147 648
102 950
152 630
21 373
632 644
562 365
856 986
533 230
523 13
576 105
955 368
825 987
138 576
802 331
472 893
71 970
892 525
919 43
154 292
415 785
935 329
501 790
666 34
371 189
398 947
645 352
666 469
690 155
397 492
486 868
736 908
189 979
432 460
21 937
751 435
73 685
115 926
474 781
959 196
969 356
142 613
60 160
434 101
314 830
592 151
49 679
59 237
657 842
696 29
131 446
816 555
130 930
480 955
710 790
151 30
146 644
643 557
803 428
657 469
257 601
619 657
631 29
893 640
223 941
20 353
386 835
907 868
765 739
174 826
528 676
856 25
320 850
581 474
629 590
294 237
542 265
893 524
293 785
515 867
725 535
571 463
369 830
682 485
568 855
663 95
883 870
120 554
71 52
379 699
993 673
935 886
937 827
410 229
963 276
448 40
810 18
854 531
847 535
15 414
741 677
509 623
898 628
176 968
31 907
666 24
579 600
909 515
778 670
95 741
946 542
780 755
560 633
637 758
519 652
172 611
680 680
234 578
659 761
545 41
667 563
64 597
162 325
111 292
346 558
32 291
451 163
398 362
147 34
120 665
37 291
275 69
322 860
998 332
973 894
372 991
456 788
588 970
464 50
261 809
607 644
100 410
806 849
771 304
234 890
968 623
532 594
691 853
806 40
536 778
933 908
768 389
47 707
710 510
757 970
318 715
613 769
124 770
969 895
73 203
136 392
825 668
337 867
872 142
906 408
271 838
667 391
578 713
97 287
222 205
608 891
920 572
12 43
289 117
534 777
508 358
444 197
576 667
338 481
74 609
671 740
999 248
804 447
887 377
652 494
268 571
66 631
965 758
610 606
875 144
382 734
853 177
930 429
843 620
261 269
580 931
8 930
531 164
376 417
540 379
262 159
301 679
789 266
789 399
223 15
894 956
748 98
132 30
1 139
594 932
421 954
861 951
117 588
719 656
967 981
815 619
11 955
884 799
353 458
813 598
413 913
696 896
294 573
574 294
711 167
577 132
120 437
434 588
376 505
596 694
485 762
313 847
716 548
646 69
6 458
18 770
722 713
18 15
286 591
660 348
109 236
831 581
24 617
168 400
121 763
445 957
524 757
803 592
657 448
660 14
258 677
783 979
742 152
346 379
94 5
726 203
593 557
783 616
173 302
367 645
417 812
601 292
920 403
883 576
851 894
589 460
923 724
438 664
227 783
42 321
140 767
875 732
675 657
347 199
310 66
843 726
877 443
18 148
198 252
724 48
146 664
507 68
739 296
731 966
431 124
638 570
242 512
301 917
520 999
467 829
64 310
907 292
104 276
440 301
527 515
700 672
178 558
91 269
854 173
234 284
296 223
853 538
734 505
806 253
503 624
433 567
285 339
858 389
966 649
41 493
163 741
516 693
650 959
961 503
131 546
138 427
768 342
316 501
846 473
105 701
96 537
267 381
228 476
121 193
125 161
37 639
253 553
331 903
511 291
757 993
188 895
771 307
588 86
807 786
910 263
486 358
152 104
90 379
931 210
923 407
722 960
46 975
864 376
877 374
19 985
231 489
865 819
574 23
604 836
286 441
193 437
896 282
167 178
843 441
585 564
400 630
538 263
357 766
103 706
285 333
546 149
151 119
171 106
306 456
898 850
244 145
131 762
323 973
203 907
889 954
888 778
569 244
896 556
971 998
613 255
330 158
403 481
629 573
938 286
381 836
136 976
980 618
738 302
943 292
560 831
245 447
608 813
43 503
721 13
500 685
619 830
843 21
662 823
945 599
108 677
434 595
653 766
213 742
419 155
33 979
985 277
777 944
442 819
447 162
831 298
846 449
127 40
821 788
214 118
739 322
794 524
268 798
289 480
891 708
634 923
38 970
552 814
914 345
633 712
506 815
9 703
616 488
743 436
627 956
905 365
629 51
889 897
848 529
376 91
588 362
13 625
683 916
791 596
260 423
307 117
589 668
820 204
155 562
640 781
869 896
498 498
946 738
394 146
266 121
236 854
834 600
830 517
868 620
112 127
394 771
596 335
790 415
538 944
328 529
76 196
425 925
693 370
662 438
515 928
911 102
133 744
702 962
260 569
934 724
47 679
846 642
13 635
408 903
930 735
431 357
931 855
282 975
577 943
413 443
870 323
545 2
418 246
316 678
166 601
401 564
631 246
206 644
232 965
546 161
700 328
517 982
183 798
956 759
741 720
201 962
42 97
316 812
342 631
489 859
583 241
423 213
838 980
208 69
944 753
581 995
81 449
976 615
247 932
725 339
651 277
652 45
374 967
856 67
949 696
926 531
288 700
744 125
679 951
545 974
56 477
321 488
925 296
454 523
579 178
213 230
454 865
626 827
831 833
246 780
528 171
662 815
222 405
291 900
708 187
225 115
15 545
602 939
193 55
814 771
232 26
352 37
890 977
216 73
809 461
852 688
983 865
854 204
622 496
455 329
682 679
443 48
576 396
987 120
450 800
890 33
177 242
421 67
570 636
139 379
448 342
418 430
558 272
633 179
119 87
507 153
118 301
200 45
48 538
164 849
337 53
233 866
646 654
932 216
641 422
946 89
115 715
870 24
338 855
203 457
293 61
609 410
714 160
806 761
698 969
610 386
374 842
251 371
495 534
938 488
307 883
928 421
598 797
797 287
651 999
743 944
59 703
705 772
863 511
533 560
831 494
945 556
335 196
927 830
729 864
669 36
99 596
808 48
392 604
334 395
954 429
690 365
131 746
136 345
608 20
904 791
513 201
346 200
748 624
840 49
215 290
644 375
689 387
330 22
133 284
802 174
648 933
920 135
629 879
507 885
669 371
85 15
570 184
990 950
11 181
998 226
470 641
952 158
380 281
532 512
564 333
686 563
617 605
50 246
483 556
130 504
926 566
870 848
749 859
797 759
40 795
336 861
787 287
19 166
568 550
678 483
234 715
398 851
671 447
448 505
354 577
8 631
494 877
478 242
736 275
352 127
421 688
987 207
326 357
725 893
906 402
728 492
116 125
342 786
923 789
290 628
717 650
258 562
526 88
803 613
362 154
739 134
193 78
692 519
434 416
763 692
169 842
183 636
318 876
773 240
16 415
219 84
64 477
645 589
564 799
202 277
304 292
762 497
721 453
367 155
869 481
198 389
323 732
25 640
607 797
232 974
211 450
57 274
278 701
215 193
851 768
821 154
59 582
650 132
35 368
638 255
849 835
643 523
566 19
162 524
816 745
497 378
547 905
652 824
957 866
369 807
633 189
960 43
771 962
174 157
329 811
411 529
997 405
51 914
424 565
437 591
661 285
968 207
189 971
383 145
836 751
303 820
939 263
215 709
224 388
865 904
551 627
785 547
384 187
461 159
751 249
749 764
886 68
970 74
39 704
571 226
454 873
398 745
487 612
805 710
351 670
966 901
648 750
800 31
936 260
541 39
860 289
802 745
709 123
171 747
827 93
324 632
965 721
376 804
332 181
513 683
202 830
935 201
579 734
584 515
345 124
905 205
765 706
301 473
828 471
571 6
563 894
638 880
615 365
683 298
897 547
980 450
377 915
651 307
648 234
173 345
709 77
549 473
782 849
297 962
672 219
319 234
113 308
465 79
673 147
376 921
46 708
371 774
622 21
80 621
606 253
965 314
329 865
139 463
714 787
776 737
6 446
970 470
754 787
900 778
285 275
698 330
334 68
103 955
88 183
928 693
787 244
359 467
109 497
281 174
283 56
910 640
854 231
461 607
17 360
384 302
987 81
983 320
149 86
627 588
620 906
281 758
149 991
224 609
487 505
782 121
912 43
113 765
626 573
723 994
285 106
295 271
539 630
942 687
715 920
274 686
825 906
795 974
896 18
934 734
874 68
855 138
110 319
254 87
891 977
81 527
82 375
797 620
356 91
658 422
10 284
107 835
189 901
160 437
271 93
170 496
160 376
633 622
46 887
708 289
863 788
815 296
515 964
268 222
54 925
644 63
560 102
249 749
3 408
537 625
853 58
120 364
434 105
985 479
991 45
767 205
184 934
500 50
897 119
272 950
396 915
364 955
16 613
55 370
372 591
346 224
649 818
588 434
922 924
912 264
320 31
468 856
964 319
905 860
438 528
161 833
787 162
488 842
531 860
784 229
435 432
46 22
865 319
298 129
582 969
159 49
824 474
719 81
685 508
608 845
340 402
720 479
563 208
672 445
67 455
25 501
887 70
875 103
388 524
231 321
492 741
721 316
566 440
396 250
947 355
446 639
108 166
117 670
373 788
467 439
594 491
291 480
913 165
935 652
688 165
973 180
906 45
847 823
484 594
73 783
948 518
421 56
683 889
77 55
28 895
845 621
738 136
453 650
652 387
653 340
551 625
871 808
670 69
631 505
662 55
639 609
572 59
16 607
299 93
13 326
339 858
