111
127 298
516 134
295 264
461 104
66 764
651 982
898 361
828 532
395 982
974 846
636 370
692 409
842 258
870 856
871 191
437 997
488 952
130 134
567 942
589 632
58 591
613 307
951 792
838 346
125 164
191 761
885 882
521 727
491 390
934 361
580 371
709 420
674 191
553 593
484 494
224 893
84 189
199 35
980 389
380 105
904 922
217 788
155 89
866 646
479 800
358 410
522 419
829 195
609 734
787 444
227 363
337 310
551 535
696 882
275 427
338 178
348 906
318 503
995 183
500 825
334 857
234 855
627 63
402 235
148 540
679 726
902 15
35 804
901 83
38 528
509 727
705 209
633 374
711 979
909 562
803 242
770 36
97 397
450 850
983 597
389 13
674 291
379 709
446 280
143 483
807 651
562 863
859 546
589 921
524 497
482 678
90 604
713 538
1000 515
387 334
463 776
347 137
418 725
197 863
356 339
698 162
989 259
377 200
156 317
472 679
813 306
356 902
909 420
440 260
934 826
593 397
