10000
136 842
879 59
333 452
554 137
313 879
650 871
899 717
598 544
310 460
269 964
87 69
493 39
202 209
740 277
486 902
643 974
96 521
32 428
325 937
916 989
816 917
211 714
633 161
610 294
620 230
609 58
298 101
449 852
661 188
480 499
89 474
472 184
995 855
963 671
143 879
659 310
147 222
376 780
382 985
425 1
566 34
411 216
486 859
67 147
46 898
645 486
371 468
22 365
674 984
387 816
214 398
126 361
619 501
492 1000
837 916
352 402
301 114
617 787
972 35
285 369
932 929
855 303
748 228
19 421
211 406
236 425
803 361
137 773
213 628
772 49
895 475
803 196
589 771
982 912
806 266
281 89
546 487
391 293
714 762
65 276
519 300
52 673
13 188
445 225
167 216
626 62
42 428
609 630
550 942
542 355
559 174
444 104
12 186
748 77
299 812
352 817
463 404
489 827
943 933
404 110
500 29
523 542
808 131
523 357
72 64
64 630
589 859
85 600
396 184
676 695
347 380
863 809
783 352
636 77
636 391
186 488
419 60
29 578
190 551
286 261
967 349
242 907
559 326
859 955
509 534
1 855
265 863
16 399
566 3
476 554
393 13
41 163
73 421
740 262
323 377
875 641
726 116
548 636
794 406
942 302
291 942
509 556
157 524
954 722
526 781
627 270
794 667
432 866
439 523
479 762
899 353
402 976
821 301
612 614
58 553
915 349
847 775
256 3
650 561
76 175
342 703
796 135
721 227
352 160
101 830
273 1000
183 26
975 3
327 938
968 384
843 234
84 689
9 691
43 658
604 118
185 945
172 980
431 245
559 134
756 659
963 28
10 497
405 337
851 731
274 818
467 116
52 902
156 412
593 198
69 196
668 605
492 839
937 274
435 847
407 190
505 369
569 867
218 974
203 68
56 476
238 522
944 641
424 99
52 368
649 472
915 316
77 406
506 365
679 941
211 437
482 67
157 51
933 374
376 487
442 431
963 31
305 258
671 80
356 722
447 4
545 713
671 973
118 177
337 148
469 899
936 950
966 92
352 250
466 727
737 259
510 51
289 814
308 311
245 15
32 691
371 928
403 41
901 872
217 589
371 685
488 306
987 453
397 690
54 214
769 790
472 278
840 112
443 499
422 687
514 805
729 884
733 483
924 985
706 493
573 76
529 60
733 867
864 481
557 918
695 325
59 518
954 899
982 396
749 755
434 262
912 514
497 644
996 421
628 701
265 552
128 793
612 212
12 827
692 568
744 738
892 803
608 197
53 941
592 801
695 377
415 606
890 911
601 885
683 580
937 299
132 64
444 95
275 455
921 318
22 665
56 265
819 15
461 223
955 404
375 1
780 789
607 669
52 207
905 86
139 193
385 270
608 828
364 882
282 636
551 303
652 958
567 470
972 379
692 278
782 419
279 561
207 237
581 610
795 837
696 933
29 80
202 636
907 917
869 540
905 419
842 556
729 760
26 52
490 69
330 271
487 960
831 46
196 763
655 990
599 702
923 627
781 476
614 39
745 482
578 649
252 771
204 980
882 581
32 371
650 361
641 488
320 823
885 867
937 540
856 535
593 778
513 726
606 126
764 350
959 694
998 211
816 553
190 50
134 221
420 135
933 413
622 604
587 507
470 524
398 326
410 990
455 275
715 60
752 831
761 711
876 110
273 691
663 462
740 796
35 512
930 319
276 903
923 214
409 744
89 158
69 851
500 876
125 566
287 228
396 400
290 271
509 562
314 171
376 405
318 410
268 599
80 895
502 2
109 262
746 197
772 166
399 271
393 523
836 32
103 232
431 392
854 939
954 519
462 329
276 779
90 895
730 169
790 583
523 898
844 620
446 615
137 845
885 530
719 73
913 821
656 343
565 861
281 518
380 742
198 7
873 287
901 954
807 690
536 329
939 731
300 737
346 437
933 582
318 3
6 230
824 661
572 388
522 204
257 253
298 454
611 522
92 511
475 898
553 362
579 843
92 230
931 789
18 863
723 335
866 728
916 41
389 839
780 262
43 36
866 692
841 476
213 932
338 39
181 890
400 111
85 491
341 15
632 358
878 354
45 95
81 312
135 821
151 914
82 545
949 947
236 141
422 448
72 112
838 604
1 237
67 85
79 759
452 710
468 329
63 512
423 496
824 909
316 326
822 750
870 122
48 457
262 470
256 685
933 93
640 933
681 706
370 759
464 821
821 932
501 235
795 275
730 970
183 398
295 356
147 516
477 194
972 90
15 227
774 947
319 413
232 999
471 953
110 934
125 282
217 625
516 12
251 598
981 785
347 276
140 845
143 968
390 115
57 757
341 182
55 12
946 286
362 416
590 823
702 714
104 918
690 972
929 292
921 910
76 267
537 215
463 679
534 852
145 590
960 838
123 15
849 69
652 562
484 242
385 185
307 488
455 997
811 383
288 731
644 364
349 180
930 163
211 464
367 355
405 326
192 528
340 392
596 992
954 431
233 338
968 539
177 422
887 988
804 527
70 448
890 771
979 171
285 541
634 651
248 391
977 439
918 316
183 865
307 136
295 891
825 262
782 1
35 20
340 191
546 762
990 787
884 320
958 168
861 943
819 108
333 795
898 602
462 80
466 121
567 761
11 391
374 144
744 761
516 435
951 61
548 940
200 783
259 509
951 471
451 121
578 136
915 828
89 728
259 555
848 826
667 211
568 392
706 663
152 221
450 102
634 349
393 833
132 4
341 82
474 143
202 404
630 468
583 719
547 841
625 395
18 291
605 938
682 310
952 834
531 401
287 516
750 32
348 233
387 688
314 860
182 867
615 812
686 197
882 232
38 506
978 407
796 582
344 477
244 296
662 126
48 301
641 149
684 988
381 70
27 46
929 560
264 896
371 301
92 252
885 481
109 862
240 904
796 583
733 39
230 746
164 630
46 156
778 729
143 511
150 521
908 79
80 524
326 803
824 769
54 708
602 163
922 841
418 717
775 150
107 357
248 622
986 645
777 115
726 919
977 875
791 885
305 870
408 630
672 583
399 78
643 352
592 564
192 9
632 318
511 90
674 110
711 11
754 487
126 479
757 454
354 547
690 658
416 449
640 440
32 390
869 674
741 460
589 932
820 572
601 682
661 275
791 723
285 545
209 762
375 965
216 80
511 905
90 278
354 729
69 737
118 937
762 210
396 702
493 568
273 93
249 285
367 392
7 4
936 567
765 662
531 332
742 393
589 831
670 942
911 739
30 380
675 791
589 423
492 81
990 116
173 590
752 892
981 758
895 268
324 11
930 206
343 23
598 931
853 267
224 115
357 253
494 384
395 82
806 886
514 147
353 686
736 104
577 717
861 823
984 536
834 265
741 176
287 338
458 491
956 33
605 665
285 98
48 31
531 205
916 396
351 268
82 438
371 10
154 583
833 490
470 18
754 562
545 393
251 2
883 206
34 488
222 670
937 269
700 820
473 967
215 823
586 648
261 308
658 766
890 842
607 711
211 713
272 755
105 522
108 339
79 141
178 301
162 115
569 861
286 394
179 500
568 764
148 180
71 157
946 312
350 904
22 912
968 293
666 72
166 773
763 244
265 940
896 426
54 465
638 339
858 816
191 777
931 690
957 1
198 254
312 547
157 685
458 125
329 475
548 494
599 310
89 863
602 985
640 655
801 277
346 658
444 888
786 374
577 742
726 774
995 389
672 504
73 481
628 401
307 527
894 905
189 982
767 790
318 406
796 118
34 493
127 477
380 913
202 308
654 279
433 649
667 456
152 739
936 131
139 242
9 384
146 549
717 264
338 35
669 486
152 54
978 631
882 710
543 435
369 196
713 802
196 379
257 699
117 545
181 255
138 190
990 636
738 707
899 428
93 920
913 596
973 242
226 207
303 768
641 672
316 354
825 511
732 433
562 849
329 742
455 467
283 445
454 373
503 352
800 595
623 64
190 948
657 416
154 960
535 146
983 850
499 807
713 231
591 274
431 920
15 885
738 650
681 191
22 183
894 173
129 869
588 671
168 244
438 321
203 972
818 537
822 317
695 534
899 286
807 329
557 173
565 646
822 246
836 195
780 81
367 261
301 954
931 468
550 368
788 104
339 958
641 512
274 335
45 172
972 203
500 528
728 416
173 901
661 360
96 793
441 814
53 741
120 983
209 669
702 348
772 40
305 412
904 930
99 948
101 70
503 952
598 230
720 122
130 380
482 577
524 274
391 928
366 862
262 926
530 963
274 653
355 930
417 258
212 515
557 664
584 59
968 533
640 687
655 122
66 136
698 942
761 440
869 126
653 131
52 182
93 677
187 799
958 603
56 169
469 965
833 404
23 800
937 15
486 943
488 903
430 537
844 190
977 65
315 981
195 718
163 639
394 701
438 352
655 845
520 123
809 704
526 184
503 814
550 988
756 37
243 537
573 438
726 901
502 393
882 48
110 396
39 504
96 828
207 750
24 726
224 833
430 101
368 284
915 917
624 22
305 866
559 877
303 636
778 157
28 11
556 490
406 946
345 853
773 551
954 797
628 177
981 57
277 700
341 543
616 964
917 920
181 475
148 835
462 277
343 842
287 899
331 44
844 27
896 969
577 201
117 204
377 97
613 6
796 305
900 763
620 816
34 800
642 533
634 104
810 977
297 448
227 979
844 422
5 91
390 933
292 506
136 668
954 100
25 101
404 925
215 23
92 248
822 734
133 808
189 294
136 485
93 362
815 936
135 819
27 525
751 318
382 238
337 336
338 362
788 93
638 3
116 729
602 289
462 734
96 2
27 583
838 472
296 652
407 431
822 433
307 924
750 688
162 87
375 851
800 163
943 437
165 410
165 118
699 979
852 146
332 230
81 170
701 376
821 108
158 643
892 464
918 994
152 79
432 878
281 231
40 576
19 556
985 535
674 35
513 877
533 197
106 613
366 159
340 538
618 498
532 509
961 450
854 464
880 285
342 161
867 733
88 885
289 424
420 314
459 284
190 343
480 295
307 197
805 646
735 422
143 618
283 456
67 136
271 947
773 612
459 639
697 898
524 985
321 295
650 131
930 839
473 762
133 131
958 290
777 44
711 271
662 345
78 80
481 349
378 605
312 188
243 8
85 118
344 406
412 993
536 694
831 361
455 316
491 412
957 267
456 667
890 469
364 967
548 844
667 278
448 979
465 42
338 550
160 34
955 923
378 490
616 561
202 70
228 693
834 184
311 641
202 200
109 565
519 8
408 185
285 207
515 750
601 205
299 112
238 605
34 967
446 2
527 648
423 754
340 256
937 2
248 139
202 356
703 72
716 463
608 352
21 475
453 621
679 751
732 268
707 118
234 153
119 113
152 893
866 491
149 155
492 396
645 45
104 699
468 171
513 76
522 534
550 975
506 580
77 590
847 784
59 432
288 529
544 439
421 762
281 921
268 124
669 912
521 772
962 988
294 475
415 815
360 964
789 217
543 218
806 741
353 216
525 640
744 68
430 517
181 710
437 448
185 105
359 705
228 673
45 521
147 459
336 506
775 476
722 669
45 880
410 397
447 934
36 191
353 817
59 534
526 495
333 63
952 44
119 179
716 163
52 862
622 739
719 396
566 440
64 611
671 825
7 118
110 395
660 815
211 718
348 89
564 32
503 867
75 621
46 790
784 449
651 405
187 369
152 752
161 567
714 183
392 721
300 853
467 311
667 29
380 14
469 296
46 971
162 472
592 559
262 375
7 264
131 193
633 634
297 145
200 10
327 943
82 979
796 900
289 462
929 21
828 397
316 225
368 477
696 311
36 957
37 42
221 167
587 205
152 235
349 351
596 27
646 30
5 441
929 646
902 857
666 729
606 981
305 325
809 1
635 844
309 671
238 529
189 176
85 692
410 433
394 5
812 39
34 816
479 315
461 733
171 478
813 128
810 118
452 619
118 438
462 426
460 51
307 1000
226 391
691 635
176 85
992 987
123 377
154 954
691 615
686 214
444 850
693 254
967 145
872 436
934 685
862 746
736 520
745 961
262 788
948 437
224 291
775 346
667 929
651 710
895 688
275 338
538 967
591 504
463 462
940 397
499 153
494 234
24 238
546 285
377 493
722 600
135 496
298 154
776 948
863 670
636 489
8 525
455 598
380 918
412 671
666 910
175 159
495 198
748 40
483 125
885 556
76 371
403 373
524 179
673 738
848 660
226 855
184 681
805 563
950 568
234 615
829 408
125 675
958 872
66 792
348 302
347 776
673 101
148 196
279 172
934 479
183 511
685 366
191 841
281 140
408 866
106 588
625 230
262 582
454 328
725 153
629 71
928 301
524 428
849 154
951 134
632 134
644 669
499 835
509 131
326 269
348 784
856 325
13 118
906 818
445 983
971 73
53 250
726 928
29 574
82 980
707 713
113 702
381 963
888 242
446 214
510 793
349 365
117 361
482 375
531 278
357 853
351 761
102 428
689 131
1 770
462 59
834 574
760 567
888 1000
808 333
565 317
126 913
681 594
273 515
968 155
792 676
7 494
437 461
921 477
943 273
246 404
683 431
329 795
997 216
794 804
549 358
120 674
270 153
619 894
667 587
401 810
614 407
304 50
219 576
878 161
201 123
564 883
554 892
29 550
108 822
706 656
531 177
681 152
329 299
398 995
237 798
157 851
556 460
252 775
35 130
935 235
604 851
470 509
742 498
411 201
672 116
208 554
292 240
706 621
891 103
967 127
252 123
329 807
934 933
933 321
62 868
907 17
718 376
526 811
226 936
364 897
403 571
450 694
811 507
666 701
961 985
179 212
459 860
371 393
792 303
65 205
170 971
221 239
347 746
402 572
33 765
820 435
687 269
129 497
776 146
549 736
130 80
300 941
939 670
333 82
972 749
286 494
719 506
84 65
252 485
988 284
249 807
719 936
428 199
784 203
344 685
290 826
116 941
766 406
610 450
487 934
198 772
427 916
277 510
333 880
347 320
164 947
479 234
882 906
784 18
460 479
54 101
304 169
42 69
574 651
870 60
936 67
183 714
335 459
576 667
339 922
338 854
868 168
439 102
73 222
471 884
52 524
985 356
44 378
776 969
380 646
380 316
712 562
29 398
20 604
64 710
877 754
563 745
921 353
846 346
926 668
229 978
191 565
333 234
294 108
554 674
105 933
989 169
494 369
566 513
325 982
223 201
735 137
297 655
490 494
1000 415
161 581
392 351
145 76
936 791
536 489
464 640
421 804
808 266
172 726
779 848
707 353
49 441
489 345
447 330
839 447
97 351
379 840
702 875
665 451
830 128
442 250
283 602
516 455
327 646
654 385
350 54
825 190
751 623
520 941
69 616
291 799
455 992
674 722
333 690
172 162
818 966
763 100
567 630
906 893
627 912
277 976
965 453
166 715
75 37
655 496
4 946
294 810
289 319
532 621
9 55
134 178
20 897
629 938
878 535
830 505
446 458
480 762
262 645
477 689
33 131
184 36
76 829
846 717
500 377
337 860
783 471
37 155
719 665
92 596
551 274
100 348
83 932
110 345
928 586
33 961
68 568
996 496
748 193
212 247
921 900
458 704
722 494
858 440
511 301
388 413
574 839
113 657
770 222
353 50
159 385
10 578
304 357
73 51
550 284
650 822
184 459
877 257
953 86
697 815
387 436
227 960
274 339
968 396
912 320
445 422
704 806
1000 359
514 72
762 415
708 411
237 243
869 113
499 173
199 547
339 585
982 566
896 608
256 864
3 520
183 799
941 239
956 940
597 469
364 358
884 71
120 120
313 341
584 811
865 782
710 204
718 691
121 614
650 376
829 4
247 11
802 188
601 109
127 198
578 490
907 461
912 27
932 224
719 515
387 583
649 96
138 718
138 258
683 788
986 511
791 232
874 945
419 474
53 898
671 982
739 930
794 651
956 77
226 26
944 612
608 592
59 98
661 549
355 344
336 340
854 478
924 79
774 342
553 179
591 575
160 330
504 306
980 811
382 205
188 325
169 148
268 227
245 929
775 599
272 462
291 477
292 214
908 65
907 460
595 498
386 107
827 242
412 806
404 793
362 592
470 530
739 89
757 983
17 883
933 640
345 223
469 636
436 376
52 695
187 647
192 924
753 18
165 164
823 921
308 536
512 129
66 602
218 822
936 586
56 868
226 400
91 46
387 878
773 439
572 311
437 763
234 189
132 751
704 306
671 363
842 534
844 907
487 413
80 422
998 135
289 575
887 731
620 625
961 744
415 884
54 851
647 288
391 130
390 446
436 412
161 277
297 4
535 783
416 614
204 765
100 844
340 986
575 959
963 535
703 377
418 108
228 416
747 970
546 136
416 333
899 928
961 195
283 495
977 698
460 532
814 559
376 153
897 950
464 859
836 518
587 253
625 814
21 372
136 918
859 551
250 758
830 562
952 112
56 281
161 867
812 974
777 187
127 25
488 590
235 323
459 822
928 83
987 300
806 122
217 665
24 818
422 853
379 725
964 786
5 124
652 169
98 780
707 576
805 195
517 39
869 975
860 796
57 199
95 215
320 663
879 344
480 300
196 210
376 160
995 381
283 998
549 732
778 255
307 582
801 823
972 670
797 184
465 206
382 912
420 701
574 650
44 406
301 592
615 676
751 610
56 385
607 956
469 736
563 775
669 715
950 641
384 98
824 201
655 557
464 426
257 37
75 653
442 375
596 57
51 698
18 458
434 976
766 902
712 680
29 380
394 978
372 130
427 195
330 82
103 793
859 712
181 934
364 975
660 311
383 62
8 400
520 441
375 637
343 438
668 723
818 61
700 189
542 478
736 871
911 838
15 770
549 548
55 264
874 714
926 256
776 933
655 647
374 381
283 68
171 302
790 988
362 841
528 904
318 615
126 581
805 493
350 705
392 404
321 265
117 246
520 244
179 526
890 904
258 524
323 428
825 464
767 539
656 647
794 325
261 271
905 417
763 254
122 506
657 794
770 126
39 641
721 569
518 611
824 776
486 498
555 311
961 322
201 616
968 994
941 580
264 845
997 379
451 118
236 459
263 6
584 301
998 305
870 516
267 45
643 752
543 197
414 503
518 966
471 837
311 411
417 575
607 765
305 57
234 540
516 496
897 451
796 895
107 17
762 725
414 404
829 956
600 594
810 470
560 280
306 870
42 74
796 649
838 452
57 71
344 924
918 240
727 714
486 833
82 247
910 495
650 738
802 602
331 612
71 242
891 728
112 285
802 259
285 991
711 341
414 406
265 331
645 343
396 483
527 830
729 436
676 731
173 478
332 856
89 754
97 331
481 560
615 634
171 899
977 233
592 742
638 208
424 634
550 172
116 76
1 197
512 676
927 36
153 610
891 593
363 340
924 195
899 890
829 421
141 157
653 732
898 290
939 321
924 488
492 391
563 492
587 426
520 513
462 24
474 352
617 836
43 892
31 294
133 211
714 273
367 367
4 616
656 942
936 931
781 428
322 696
271 908
121 142
773 582
166 246
286 134
434 328
377 816
621 509
378 335
782 744
53 785
359 708
79 646
991 211
425 664
906 696
571 27
189 695
960 354
293 597
839 726
277 215
893 897
724 270
583 505
365 635
641 75
695 71
720 37
282 145
700 539
192 622
917 380
317 877
86 609
825 924
686 101
139 930
350 862
199 932
718 563
919 358
989 965
781 708
353 414
204 52
952 395
673 869
127 341
97 564
301 921
487 986
374 625
267 723
838 465
6 555
379 924
265 367
240 397
427 592
810 630
643 113
377 668
333 855
8 429
418 661
702 904
646 75
881 913
149 70
729 154
625 108
78 241
826 669
637 252
261 798
234 255
910 962
274 243
816 634
23 233
294 724
488 291
150 720
555 298
790 284
804 414
743 233
6 920
901 994
524 513
791 757
120 700
718 393
294 885
26 317
469 671
392 956
962 894
676 516
543 465
151 346
230 245
578 587
165 479
580 688
343 370
444 462
421 513
855 715
749 232
31 217
255 422
172 216
315 199
83 210
15 234
555 596
478 133
182 994
963 761
681 305
482 476
767 903
340 973
617 88
556 999
304 810
772 828
377 439
378 460
648 393
45 202
340 874
686 522
868 648
634 900
953 468
376 719
370 715
43 338
803 598
336 458
760 459
637 136
897 15
947 544
759 343
98 98
217 783
971 436
431 957
335 383
424 62
453 145
777 495
482 931
444 169
740 203
627 377
691 524
391 989
419 149
332 516
598 900
299 921
687 729
877 21
463 300
83 267
796 211
761 277
493 556
445 232
759 423
608 801
298 350
789 717
850 472
232 448
723 882
720 409
962 596
782 776
247 216
42 42
778 802
670 270
358 114
501 468
888 461
620 186
810 408
902 12
232 485
811 954
719 530
715 680
125 496
456 723
711 849
764 488
651 433
109 360
898 961
179 785
421 798
322 583
557 575
946 788
412 756
94 130
285 808
161 409
303 968
483 365
817 246
204 467
30 664
178 927
624 708
63 397
505 737
331 413
311 276
553 722
31 646
851 315
805 364
75 459
331 557
175 147
154 730
965 183
393 142
461 16
849 875
764 705
611 94
470 274
369 22
995 399
19 198
65 823
913 139
281 243
47 807
390 200
536 354
734 928
496 546
295 696
421 59
753 383
152 574
656 521
595 3
271 965
552 336
787 464
826 419
706 873
225 95
424 760
449 158
39 296
703 333
343 475
391 447
858 895
20 513
767 966
867 37
930 418
724 68
881 550
486 587
774 62
33 197
173 833
706 563
480 409
896 175
883 638
621 92
532 993
957 650
958 823
687 888
241 410
307 121
311 793
59 84
206 444
633 731
276 338
293 756
746 540
930 981
530 902
424 413
894 380
63 852
203 749
91 443
510 397
915 173
541 326
256 99
769 888
829 396
226 473
503 323
365 432
655 894
686 79
306 579
458 368
782 12
468 224
454 978
621 721
502 513
398 757
611 518
997 791
913 574
616 416
248 980
199 903
873 884
333 178
815 142
898 596
154 365
820 959
694 792
31 195
304 428
304 267
945 652
57 210
225 672
625 824
3 175
78 875
59 762
405 225
904 302
172 57
666 343
367 712
134 398
906 790
177 561
56 122
212 464
331 788
488 307
612 490
481 41
717 891
803 121
115 706
774 639
114 791
981 832
502 115
229 760
256 406
879 884
126 561
671 965
867 634
455 699
27 523
942 829
995 408
886 768
46 999
558 27
182 412
493 411
171 748
168 842
762 398
725 887
958 748
204 176
381 10
874 407
532 815
587 526
575 472
293 620
822 202
646 4
613 490
766 135
589 285
977 350
682 701
589 991
800 792
166 181
801 391
939 332
558 878
209 132
701 853
103 523
878 19
590 995
505 179
279 481
880 312
534 468
654 333
611 171
865 411
913 156
94 822
33 302
305 733
506 408
607 560
508 836
930 97
830 434
627 460
267 859
123 800
326 776
484 937
946 349
699 211
504 145
32 888
798 337
972 304
744 931
215 251
766 144
699 948
929 678
407 195
536 530
994 213
657 478
149 955
178 200
165 33
344 548
920 493
884 243
796 627
173 10
229 291
505 280
238 434
957 996
628 844
877 974
56 534
803 557
840 980
756 356
12 451
903 283
943 787
877 91
765 50
100 346
692 605
625 929
38 933
924 17
776 153
990 831
686 792
739 877
123 494
232 134
296 134
768 591
920 645
681 37
46 132
382 737
88 6
17 477
938 292
494 65
444 835
247 129
627 986
357 101
831 588
235 127
722 354
69 993
998 101
29 43
232 410
131 320
767 147
796 56
439 641
120 882
476 367
363 454
352 719
554 182
307 140
660 380
494 728
724 491
828 753
886 412
514 368
83 281
515 878
336 305
519 808
186 346
174 900
799 525
619 704
58 277
844 718
8 689
797 731
531 977
835 416
740 349
784 822
981 650
699 316
954 569
475 491
266 648
391 64
524 361
120 582
989 963
651 996
651 799
78 181
775 913
949 514
261 84
335 593
733 386
260 38
306 735
528 572
382 270
987 906
982 106
839 970
420 489
317 70
287 395
603 414
659 903
279 271
986 614
863 70
351 122
459 8
856 338
579 238
960 566
495 941
23 333
263 443
173 931
864 811
677 818
576 335
720 855
605 57
820 467
478 170
589 936
177 796
626 108
33 585
25 879
877 47
211 139
841 735
70 705
898 98
522 473
433 594
327 37
2 146
856 480
667 796
767 196
591 744
655 976
328 679
854 205
77 417
695 918
151 116
974 48
214 847
521 646
440 199
34 794
345 241
273 363
36 391
910 979
135 564
954 814
242 807
18 319
223 713
588 726
180 561
773 393
407 645
38 199
844 424
992 540
664 616
254 52
6 164
382 492
727 335
306 321
493 675
991 68
739 578
793 919
490 917
311 248
914 701
446 109
476 437
648 139
404 253
542 762
416 923
253 495
609 910
167 102
585 157
169 675
86 313
945 575
581 256
822 494
308 620
602 783
56 601
273 812
854 167
573 621
89 177
115 50
87 281
151 23
789 671
49 874
335 994
800 915
601 622
761 908
241 362
42 648
963 666
811 168
832 383
788 273
560 255
322 998
887 824
372 28
846 420
901 180
413 53
446 13
674 206
272 266
568 313
265 882
979 76
49 162
810 188
434 721
794 755
718 681
930 441
708 775
861 960
306 625
12 752
990 37
957 261
654 876
926 919
109 904
346 157
417 507
697 851
228 490
957 297
170 887
738 229
661 950
189 967
926 552
70 915
589 378
176 242
254 453
512 362
708 209
871 124
716 919
974 295
408 931
943 930
169 32
158 829
981 698
147 907
250 216
173 190
946 348
783 551
152 295
912 859
855 134
983 922
52 956
216 812
238 511
741 406
542 898
587 523
948 85
781 549
653 953
738 598
653 520
148 804
166 411
663 373
897 997
294 300
304 862
111 894
372 851
299 913
101 237
787 48
322 567
948 974
872 685
571 524
556 70
679 74
480 693
446 376
689 91
676 345
952 138
238 323
989 536
236 89
125 22
488 446
941 435
771 812
471 693
687 378
762 365
451 593
410 248
321 98
339 348
794 290
485 31
965 473
567 552
913 43
925 752
488 865
186 610
28 656
302 66
386 415
431 836
7 192
84 327
641 774
26 435
63 511
465 379
930 600
425 855
351 264
719 889
873 99
896 174
164 281
588 946
117 947
137 552
625 778
325 651
564 739
161 28
118 847
411 399
446 187
253 797
451 324
685 323
422 580
849 937
861 788
883 329
734 371
232 359
500 908
9 63
646 521
91 115
367 853
514 165
39 118
313 489
441 997
164 214
928 12
151 140
799 385
820 885
107 51
243 607
21 956
475 111
422 841
315 287
357 354
405 669
194 197
17 357
411 297
720 913
436 871
649 608
755 755
10 349
713 968
303 734
275 777
196 696
969 511
335 326
216 739
994 409
287 11
118 49
307 837
961 94
707 961
53 813
68 63
513 780
382 815
865 656
943 61
703 912
923 389
589 138
479 582
546 766
944 15
814 602
852 127
48 910
87 100
75 154
162 587
934 895
754 798
550 696
210 605
959 132
993 547
621 472
129 519
589 424
533 402
26 384
528 73
646 615
524 720
120 686
658 405
580 411
555 482
459 764
438 417
248 782
964 868
605 444
386 193
867 919
595 244
654 474
668 651
440 192
722 560
229 380
964 160
142 870
993 600
634 782
369 233
564 684
100 168
127 838
713 345
108 659
589 761
132 608
764 572
799 485
131 379
864 446
539 358
316 883
309 301
665 677
533 228
360 984
747 838
821 811
183 928
469 123
41 601
82 156
172 881
640 654
611 856
451 501
213 118
384 521
418 48
550 302
627 261
286 725
99 458
536 633
738 4
107 130
604 188
285 127
420 924
132 31
131 935
883 343
52 266
216 822
665 117
123 291
377 760
368 827
218 903
811 307
258 269
436 214
457 720
340 228
995 824
610 126
758 493
820 809
110 35
630 775
151 753
417 880
864 136
58 81
38 869
387 648
137 174
861 945
893 200
525 888
375 134
365 132
978 184
293 440
219 922
214 721
26 982
952 890
118 10
322 507
878 61
154 366
234 14
311 479
566 187
366 292
672 730
424 2
265 716
441 483
989 6
556 367
987 507
608 456
516 929
315 745
341 468
111 575
834 773
53 751
959 770
42 630
851 817
631 115
884 423
950 873
428 857
591 415
363 198
222 231
126 536
975 819
356 437
393 189
209 797
291 519
918 332
501 120
501 483
234 384
906 535
608 333
391 198
99 754
395 321
336 873
208 310
691 563
747 435
103 307
583 393
826 852
77 326
971 577
808 204
312 65
91 920
398 481
469 496
586 216
168 921
440 376
583 130
938 681
987 850
433 164
701 861
489 671
437 649
226 101
713 316
20 462
149 840
958 734
55 477
852 589
975 142
269 242
182 607
91 966
771 143
827 611
813 615
611 391
715 676
706 86
137 206
926 446
940 332
923 298
826 774
886 152
915 506
394 448
112 836
766 882
979 944
845 143
558 455
533 625
130 591
62 267
796 339
64 735
671 986
32 848
112 269
351 26
774 744
826 238
932 591
471 910
534 315
52 443
122 937
67 251
527 481
869 322
819 933
409 841
270 792
40 381
413 391
759 538
486 584
775 417
174 598
678 59
912 82
501 385
18 920
636 896
400 856
217 570
140 977
763 762
121 802
142 533
544 900
422 382
483 549
798 8
146 828
66 409
909 919
794 926
838 781
821 589
636 389
158 128
718 272
889 838
426 30
722 321
282 495
702 116
43 852
124 188
679 541
597 587
459 742
864 296
522 684
236 157
424 746
636 141
17 524
330 442
906 403
763 539
898 816
654 940
667 129
480 345
670 428
931 480
169 794
128 690
829 363
198 253
108 186
745 125
709 427
918 966
829 32
504 78
848 510
370 866
638 849
211 307
628 493
139 148
287 266
837 467
628 386
71 736
571 816
212 632
594 481
949 422
865 453
852 64
314 221
929 951
421 139
610 400
984 748
547 270
13 383
88 640
120 159
727 691
326 290
674 919
123 622
692 987
426 543
50 739
115 330
690 535
821 299
934 804
398 480
425 410
214 512
401 686
22 128
728 347
769 401
617 891
374 661
877 800
555 278
890 670
960 579
556 780
229 842
583 626
673 359
387 239
870 788
924 244
267 651
942 35
403 559
926 776
571 154
927 125
784 817
794 743
747 702
874 328
543 808
305 215
166 692
453 35
479 376
630 97
378 572
131 132
482 408
260 52
562 186
176 697
354 322
791 453
23 664
780 565
471 436
779 636
127 584
22 957
959 652
53 689
223 536
820 704
943 79
107 856
617 282
904 322
603 694
774 625
357 905
541 179
341 672
814 819
255 188
128 213
839 180
253 413
67 425
468 362
855 574
217 823
207 121
145 810
166 270
786 523
527 327
701 219
998 867
37 252
54 164
816 244
696 421
8 114
845 475
475 699
400 692
874 606
164 18
415 329
639 553
203 165
231 256
735 580
474 772
183 527
287 998
122 334
770 129
800 966
603 274
665 2
317 890
607 832
907 374
161 897
278 715
62 508
322 148
87 795
271 269
673 558
618 794
243 388
922 42
353 524
316 369
877 984
258 836
816 516
561 328
413 838
42 826
345 716
973 783
510 244
51 183
153 668
976 747
407 898
141 112
773 808
832 650
791 442
837 606
957 397
933 721
234 327
898 930
42 223
712 903
818 762
85 970
781 413
68 540
310 208
651 434
15 834
435 806
275 271
763 584
19 48
304 252
374 202
533 767
776 244
669 593
357 106
562 138
518 981
677 179
189 679
612 203
512 399
360 787
21 123
722 40
170 25
643 895
578 176
13 353
419 681
945 776
138 858
265 655
839 293
185 27
323 149
581 834
547 293
972 919
415 693
958 936
70 601
182 999
128 194
352 898
226 648
25 364
506 289
370 696
933 555
74 255
55 6
441 953
298 764
871 712
809 829
999 878
781 180
228 260
373 579
157 599
579 182
314 84
470 683
131 755
589 204
9 995
209 801
947 859
565 818
570 373
998 921
602 130
100 829
389 825
760 545
423 338
78 88
773 900
770 255
654 711
458 14
705 18
815 652
876 379
821 798
103 170
718 56
651 169
236 39
993 995
935 767
684 13
854 456
912 624
710 917
686 519
930 390
889 744
393 116
474 565
265 928
734 334
983 384
503 219
774 495
565 61
614 249
73 467
56 336
90 118
252 127
636 533
517 876
277 261
344 102
826 608
30 559
294 12
295 148
582 68
994 147
128 607
395 552
74 802
239 515
919 842
642 907
375 510
134 3
770 477
104 595
437 133
497 800
229 78
219 222
224 699
829 970
250 902
124 841
416 42
682 409
948 56
918 434
58 688
910 162
282 698
646 787
779 142
586 7
220 805
229 795
855 57
765 104
310 888
944 725
281 978
134 581
33 403
14 91
90 923
604 372
973 249
510 751
391 96
758 610
252 986
756 106
42 520
561 351
759 857
427 392
834 912
972 866
315 985
308 756
259 263
127 231
512 989
334 254
84 91
215 687
76 970
144 469
842 704
171 952
912 949
343 745
213 314
963 879
650 622
634 261
885 113
843 748
101 176
1 536
266 567
222 693
536 717
161 729
420 683
681 332
632 23
428 196
689 390
74 338
12 707
950 248
171 793
995 271
968 995
158 586
913 731
278 448
447 791
529 867
473 209
550 456
583 329
3 271
719 76
961 82
135 262
329 305
54 323
928 374
669 85
959 933
816 236
380 614
26 260
480 851
468 381
658 51
710 661
673 780
736 985
213 222
247 541
879 652
215 806
25 235
242 983
167 409
571 898
23 948
158 854
798 977
587 808
379 648
468 52
427 555
388 639
777 634
531 7
286 745
812 662
331 405
645 497
166 215
394 540
162 903
393 312
880 331
119 258
978 938
309 756
492 49
746 620
34 276
626 319
372 789
981 702
546 977
550 711
543 944
250 704
846 994
367 77
325 837
335 654
774 995
410 618
43 155
589 77
783 567
747 506
355 79
208 252
55 757
962 597
52 563
653 250
557 371
326 233
208 12
886 981
7 295
950 49
802 539
477 936
105 224
441 811
654 648
63 709
757 376
657 160
291 661
761 199
384 439
431 591
450 316
923 456
963 873
857 116
763 685
51 219
260 843
381 914
843 795
974 599
171 982
110 813
995 871
11 378
309 441
968 110
108 242
918 422
466 126
537 228
810 939
798 70
782 179
335 624
973 308
574 495
641 35
307 635
257 317
12 917
109 331
27 217
573 944
638 390
69 527
970 230
817 767
651 950
945 985
925 918
644 850
764 285
885 71
919 141
739 283
58 848
613 84
416 537
379 405
927 799
283 896
380 100
14 31
49 959
367 326
228 11
175 991
647 59
413 565
200 504
199 609
351 812
44 118
700 774
522 978
572 805
225 951
256 239
333 656
197 700
981 776
710 156
118 356
214 883
272 765
386 823
725 88
634 768
205 685
541 726
663 464
882 887
415 137
125 747
793 673
798 773
800 859
928 918
214 494
800 838
610 537
660 335
624 645
102 828
681 995
553 343
458 787
582 224
923 58
323 715
731 120
840 530
979 767
799 544
612 950
733 222
486 744
556 109
388 9
936 421
355 841
115 813
627 696
36 901
754 358
616 836
830 455
717 808
573 868
351 537
817 84
758 303
827 665
763 567
673 699
987 28
891 453
192 869
149 579
769 254
289 736
441 118
542 509
925 467
376 627
3 193
62 760
847 241
424 609
159 448
659 497
827 549
949 18
769 449
597 890
702 237
625 494
354 519
3 630
985 378
608 339
922 670
98 768
262 873
729 420
672 387
268 851
288 216
868 408
665 816
297 718
52 274
212 757
792 566
386 128
295 346
466 217
367 915
336 628
139 416
399 810
155 666
660 442
233 880
201 249
47 498
319 451
123 882
207 914
447 945
393 741
290 858
309 656
124 997
635 262
412 385
423 566
402 435
359 634
666 560
235 712
409 553
514 531
786 721
796 584
17 188
324 658
397 985
665 872
981 299
133 744
35 907
310 436
341 20
421 358
579 655
70 339
559 583
221 696
655 368
279 23
907 955
680 303
939 696
174 271
14 380
917 323
815 609
343 236
967 273
242 388
964 801
322 536
848 977
904 127
351 810
81 31
465 19
78 990
648 654
803 564
977 618
172 671
205 490
295 446
877 610
598 199
146 446
527 49
572 877
858 4
259 674
22 337
664 662
760 311
315 914
226 643
531 749
665 87
591 960
885 467
569 482
665 66
279 543
114 202
420 324
205 30
997 578
366 660
239 477
322 906
391 899
548 273
1000 213
360 590
172 244
56 92
77 73
158 708
615 623
909 386
946 114
416 295
691 133
954 282
962 628
187 704
526 734
976 877
298 687
466 821
282 874
913 711
298 422
418 912
44 326
650 342
791 417
636 834
549 941
467 862
568 653
565 446
738 893
674 36
579 140
856 213
365 120
923 662
541 692
925 937
369 574
630 160
990 617
345 891
557 811
752 477
815 317
274 552
561 947
939 139
438 795
703 802
914 977
463 807
668 740
95 37
313 724
548 655
692 244
545 248
54 648
76 868
316 349
771 876
296 710
367 85
856 69
887 121
398 701
927 65
440 373
453 105
448 1000
759 139
243 655
739 648
654 814
867 970
163 638
845 810
699 563
894 554
984 132
674 381
833 953
797 624
325 250
80 125
601 190
263 196
844 1
843 498
167 62
819 329
51 15
490 749
578 735
654 913
867 327
293 51
631 89
26 308
690 106
432 291
295 46
486 491
47 680
340 565
93 158
893 143
172 734
891 101
468 544
13 686
223 305
88 853
746 114
160 435
571 591
77 217
989 914
707 387
946 398
951 38
555 195
181 79
928 423
179 747
967 544
433 541
200 872
393 945
985 553
732 907
495 160
124 483
74 182
869 371
580 171
408 486
365 940
564 292
363 95
39 681
638 823
221 837
694 613
134 31
517 865
937 364
376 412
198 801
946 419
171 525
589 931
10 954
870 574
597 232
20 635
912 657
809 132
493 503
97 626
533 965
842 821
328 570
233 878
370 178
296 893
54 236
823 415
189 44
340 786
276 359
772 539
15 581
23 860
83 119
837 967
435 679
787 763
600 371
640 969
900 287
213 305
522 387
720 63
431 59
848 58
418 619
596 784
551 970
643 633
88 480
951 523
510 90
637 109
812 628
429 64
914 642
368 787
28 87
849 810
498 696
867 915
667 815
50 569
784 693
202 224
172 504
98 681
593 734
141 405
713 569
468 978
562 187
764 942
274 613
751 123
660 618
37 678
432 86
247 215
130 800
790 301
655 887
333 248
620 825
4 684
394 823
661 307
9 425
248 634
389 999
756 400
968 144
430 751
582 28
317 711
179 107
364 833
993 48
80 965
873 435
648 618
257 309
276 618
85 524
603 825
874 359
576 193
854 5
295 435
32 611
498 562
717 213
395 62
260 474
26 484
261 25
453 869
685 729
486 769
604 89
593 829
799 169
373 652
525 667
439 909
277 288
470 346
500 864
759 111
690 136
947 302
160 399
170 845
479 8
965 434
96 558
614 246
78 986
249 954
652 687
214 281
326 684
626 825
899 384
288 940
519 234
241 30
984 763
874 815
770 839
600 217
748 214
462 177
199 710
482 203
749 696
483 426
731 460
251 629
843 890
921 713
123 513
94 458
275 968
272 44
158 872
260 257
85 73
433 635
135 914
837 235
961 671
660 691
130 262
672 324
151 592
388 273
104 482
731 731
449 354
774 958
225 386
214 661
458 998
648 592
263 484
826 224
507 838
914 636
99 585
960 250
528 347
874 984
828 956
714 628
310 839
937 534
224 150
547 682
147 194
625 410
29 803
640 898
171 90
835 482
339 362
180 565
697 360
520 410
339 829
249 276
715 472
425 261
505 924
806 130
685 834
284 669
721 275
918 891
364 752
724 55
466 903
619 162
262 138
924 953
319 172
228 33
995 4
645 500
927 802
981 963
635 264
983 355
538 901
597 901
4 672
955 821
575 925
983 188
63 906
140 733
429 719
765 423
723 761
922 649
914 254
964 548
517 946
255 406
198 203
659 554
875 965
374 801
890 708
988 304
965 480
36 393
198 152
816 920
264 89
921 177
76 211
533 330
969 731
885 979
636 759
943 9
559 184
69 898
487 33
729 874
426 927
25 593
198 640
33 470
816 727
705 892
290 238
573 258
320 457
588 307
215 530
315 125
66 735
23 552
768 751
778 545
29 154
489 579
794 521
48 609
600 105
500 889
694 73
498 365
881 85
671 96
966 337
220 31
72 594
935 191
345 712
87 725
865 575
303 10
447 703
619 46
159 470
286 204
894 783
568 775
219 590
870 537
926 441
567 349
35 853
891 731
916 977
455 133
903 110
142 350
164 760
747 322
582 33
525 475
167 444
249 738
33 118
274 310
911 192
11 945
397 901
27 312
230 833
444 132
942 938
833 105
49 580
778 630
964 302
105 482
745 353
571 129
823 844
439 733
388 801
29 784
53 407
95 282
239 891
766 181
180 598
637 228
529 415
210 844
68 314
678 165
18 248
293 840
444 83
924 831
883 304
614 936
710 60
569 949
302 334
481 481
284 469
61 812
883 270
8 303
583 685
467 952
932 759
792 375
194 67
557 428
723 170
363 432
582 284
732 883
617 564
716 252
33 776
416 915
45 423
217 979
459 35
930 742
146 73
117 339
492 25
766 214
547 481
645 128
764 729
362 732
292 77
984 324
204 399
591 600
173 159
930 631
194 212
372 339
284 840
29 775
217 794
988 763
274 985
242 389
713 603
121 356
32 456
680 587
854 622
187 378
132 468
360 325
679 83
15 963
923 43
89 491
837 429
253 462
413 494
851 477
448 971
832 479
426 863
418 631
836 956
360 968
423 719
644 102
801 659
416 75
53 504
565 241
932 817
703 696
662 553
172 110
875 356
940 652
570 357
634 406
664 993
373 87
63 16
188 863
26 955
290 79
458 854
319 742
23 373
437 36
277 609
497 503
316 437
154 885
145 139
290 809
131 14
895 193
382 434
408 407
388 49
837 197
902 156
938 276
880 375
664 157
335 160
659 2
596 165
886 93
303 528
253 786
541 499
978 922
284 737
681 671
785 517
219 39
24 157
666 904
60 569
841 70
922 788
234 807
880 537
334 132
322 227
630 651
500 913
740 180
935 876
697 506
914 72
14 932
327 248
612 386
168 452
808 89
240 41
895 471
929 581
603 602
159 584
253 658
849 344
838 135
219 886
640 485
309 653
768 636
252 379
373 419
831 180
507 422
573 754
892 501
334 846
103 492
782 707
501 630
402 338
116 620
575 108
456 884
112 223
519 364
602 243
782 784
423 289
557 995
42 448
847 727
294 301
570 75
359 70
56 760
760 171
732 334
630 187
569 742
410 439
105 363
682 886
146 456
526 702
450 567
501 648
645 146
301 214
572 659
284 627
419 43
150 150
728 131
688 297
872 97
735 976
459 768
214 956
223 739
9 24
658 510
672 302
7 972
868 579
982 151
557 752
545 58
253 272
189 941
568 60
37 655
388 848
774 953
803 997
43 812
20 700
673 43
354 679
366 221
257 348
723 814
451 267
223 704
538 411
644 458
823 32
464 562
879 237
514 682
585 556
845 957
608 517
351 313
195 717
885 452
416 959
617 866
225 839
921 114
602 564
923 424
596 738
337 474
975 850
507 911
757 351
867 716
867 570
28 62
638 264
865 53
222 481
270 446
671 191
912 272
106 834
47 53
572 383
879 898
584 385
808 341
88 27
56 954
596 436
367 585
699 583
637 921
415 258
366 86
800 629
709 906
463 108
310 386
490 188
283 426
573 442
766 12
820 173
317 767
608 684
351 307
618 339
227 33
949 944
118 748
925 178
5 387
285 315
124 127
502 758
552 426
199 317
789 371
841 106
489 449
141 840
107 758
530 685
790 478
980 259
226 904
437 582
642 73
896 765
199 750
522 750
527 73
418 316
443 259
421 931
59 913
122 517
670 4
201 812
481 532
70 58
436 858
640 77
283 887
194 481
988 715
583 867
787 1000
182 581
610 954
864 668
866 337
184 887
340 736
698 821
268 120
230 703
329 221
131 611
108 676
444 447
391 26
313 529
377 846
462 987
799 677
6 16
13 190
903 353
277 600
525 544
71 106
598 400
327 81
10 786
756 805
232 498
830 897
379 207
742 840
193 893
516 550
908 880
91 162
232 368
762 108
263 184
214 213
583 540
293 945
677 400
749 908
898 931
804 276
137 898
467 681
790 982
230 49
861 321
211 445
40 324
507 469
514 90
360 158
386 36
558 134
944 807
64 99
434 552
996 900
232 137
233 814
186 445
486 748
241 525
71 145
178 929
613 692
18 325
201 755
360 758
889 303
916 304
754 349
856 101
248 439
238 832
604 775
277 441
522 517
965 944
13 495
872 978
538 242
302 738
996 661
848 236
316 763
540 421
112 747
521 711
537 110
543 141
236 819
581 109
687 898
52 700
744 276
29 281
517 330
18 864
990 865
100 657
980 991
77 91
89 598
801 625
59 695
117 295
513 50
755 552
947 807
603 690
434 631
322 302
960 339
165 301
556 616
958 887
606 34
329 46
983 481
671 42
176 787
688 40
836 442
591 134
600 193
175 33
823 848
334 134
539 851
435 94
466 392
332 424
777 660
469 760
140 491
153 315
630 192
707 817
633 297
303 585
842 477
969 16
325 655
150 863
505 584
308 322
327 991
97 103
650 566
214 789
408 366
456 37
909 162
854 894
810 156
478 651
984 446
667 660
100 816
874 956
751 533
278 77
523 374
179 524
291 393
665 699
110 120
87 19
633 940
912 794
447 741
445 431
186 463
442 638
630 668
593 380
200 222
456 75
596 986
598 238
378 262
936 840
733 23
210 717
314 121
511 761
861 307
543 398
769 336
387 398
3 332
129 555
553 936
629 500
921 578
738 651
840 25
490 924
399 699
993 713
171 503
825 383
809 719
132 929
54 519
678 409
850 806
963 754
741 591
254 13
168 991
663 359
367 504
635 766
554 627
830 76
481 6
458 641
76 590
569 129
460 246
537 309
403 499
62 495
441 667
859 961
9 874
319 376
377 305
493 283
931 674
358 411
679 168
51 754
757 971
234 216
568 123
876 322
973 289
168 766
956 27
726 964
900 396
339 628
701 183
910 983
856 620
746 886
787 148
991 895
471 577
462 38
51 337
360 23
625 879
788 932
905 865
896 156
261 586
784 313
769 45
647 976
664 392
214 802
892 204
696 362
132 157
751 182
845 462
205 822
341 344
753 245
561 648
401 173
586 536
485 706
580 483
33 596
227 246
397 118
802 445
831 933
953 581
115 798
43 671
619 735
366 723
979 926
371 731
98 308
618 934
13 198
417 45
145 643
643 893
112 444
689 942
376 642
874 842
791 916
512 409
650 878
131 981
155 853
63 605
512 681
538 876
230 306
273 726
300 915
618 411
358 659
704 85
300 578
927 90
845 790
850 847
19 332
179 174
185 593
778 48
273 667
924 854
973 196
931 624
110 901
387 819
559 442
255 858
371 181
299 216
323 148
414 341
479 592
514 15
536 643
63 809
310 986
14 634
533 945
609 642
845 995
812 755
437 66
612 807
599 910
374 921
409 139
613 887
82 479
902 618
121 316
778 782
653 791
767 185
87 728
826 283
722 989
37 510
406 1000
669 4
261 394
276 669
533 889
908 966
367 161
583 839
476 360
973 128
503 91
312 941
818 489
576 892
829 612
401 234
964 421
590 224
167 865
893 51
105 800
16 823
312 599
14 787
266 812
76 577
105 246
417 680
137 245
643 889
478 606
310 67
830 828
284 74
878 740
225 893
563 536
491 576
322 153
913 587
316 340
515 420
585 931
99 721
527 742
610 4
699 271
423 528
98 58
601 975
797 177
867 359
712 710
286 385
862 198
323 529
890 837
949 474
119 399
195 645
492 156
1 191
426 423
718 523
832 671
849 628
847 715
339 911
776 976
295 989
526 618
518 415
806 818
888 925
216 434
921 708
589 921
898 366
695 967
888 526
989 736
506 836
803 844
98 930
819 392
271 344
361 788
758 519
605 998
443 172
431 715
879 372
636 128
737 682
95 977
208 83
64 65
270 866
908 367
148 78
111 418
774 823
557 883
341 513
880 135
684 663
850 915
34 837
42 770
518 488
746 77
923 810
141 192
27 400
911 526
478 373
943 251
547 499
485 888
11 365
374 47
27 575
961 412
411 2
181 281
842 279
357 764
440 850
307 466
249 569
992 78
941 286
680 488
137 165
727 499
529 452
545 907
379 857
318 141
859 850
421 52
128 130
815 567
331 121
385 579
42 728
9 982
365 688
821 501
852 899
352 732
703 896
990 81
753 659
221 963
509 994
14 988
123 180
907 453
652 291
383 693
370 391
27 734
431 199
587 634
450 938
366 152
185 707
232 937
366 804
251 226
797 616
213 271
795 119
723 799
761 458
491 130
848 869
216 278
68 802
912 517
739 629
20 923
687 251
212 404
406 462
629 203
430 842
473 576
312 548
374 73
5 217
202 204
437 417
482 504
570 745
372 308
725 391
583 763
993 794
167 399
607 795
953 388
988 425
964 300
324 689
372 328
905 925
532 694
694 365
549 263
461 921
923 537
311 505
651 656
650 817
54 256
612 358
644 599
782 959
250 458
647 621
785 904
546 668
597 591
384 145
853 844
417 775
732 728
631 383
735 280
551 140
888 162
497 531
113 630
489 362
87 487
335 872
390 232
891 338
822 275
483 674
470 899
801 554
978 431
288 712
63 838
203 950
352 699
832 816
329 320
158 863
638 548
94 881
885 915
155 719
941 976
970 93
881 947
875 168
11 937
6 213
886 357
264 717
172 592
388 700
358 546
915 996
445 8
876 681
275 382
752 567
709 721
659 590
19 533
757 381
470 114
946 707
470 209
424 993
152 163
693 509
708 607
856 504
966 83
185 240
464 288
806 525
8 816
114 26
349 222
759 170
336 704
876 157
912 299
150 63
814 194
923 521
152 779
377 117
861 913
709 677
200 866
201 207
682 666
584 382
887 342
551 574
45 426
731 308
77 232
722 890
425 645
762 928
775 490
396 635
402 104
311 601
322 863
159 355
528 743
736 767
436 286
340 833
63 70
492 491
653 214
732 77
210 846
356 336
335 752
970 737
855 633
689 528
495 200
882 375
294 617
141 729
254 480
913 669
902 405
511 554
970 243
983 531
88 338
866 774
89 187
862 296
819 551
823 666
750 705
40 43
673 180
123 279
11 36
947 912
440 457
818 761
51 152
291 490
489 508
264 930
694 125
225 513
27 399
530 776
103 569
170 128
100 645
406 110
680 704
374 471
512 191
231 563
694 873
380 667
111 73
792 687
937 818
86 466
946 540
386 467
19 485
111 424
947 142
479 672
612 991
862 194
905 907
66 956
88 797
975 551
222 766
589 158
935 674
976 232
566 361
699 584
198 161
360 496
303 838
167 914
180 380
460 84
286 877
392 373
674 366
275 895
483 864
404 417
889 379
649 806
92 699
742 289
859 101
784 513
290 950
427 470
329 238
553 966
114 296
338 787
661 965
33 143
180 437
912 68
815 912
226 906
610 967
546 820
67 681
333 708
982 111
177 662
348 82
627 461
377 317
600 390
281 632
884 460
68 795
879 235
706 104
492 667
70 390
839 488
70 523
196 52
633 724
65 332
805 692
144 534
8 743
923 288
375 806
99 794
953 329
380 10
433 872
29 854
261 867
694 682
389 889
85 373
964 150
704 769
841 199
654 200
942 928
839 668
733 937
461 37
265 193
399 49
64 427
903 676
293 948
709 33
188 794
757 151
943 812
271 135
10 924
334 951
851 172
618 936
108 431
972 724
623 370
773 38
148 27
65 792
974 773
824 513
566 580
663 860
391 934
994 401
209 327
703 60
850 673
347 309
103 670
33 77
392 157
114 539
535 178
331 860
950 154
372 868
86 386
727 828
319 73
580 528
399 635
939 601
307 285
909 409
954 293
485 345
449 950
884 335
127 566
546 428
719 917
295 156
655 374
336 973
446 915
852 196
549 142
796 207
426 57
615 732
349 451
428 150
400 311
484 878
228 30
658 299
298 304
454 952
677 141
277 474
408 480
670 956
622 817
515 399
873 129
482 574
932 910
723 683
572 558
913 800
587 570
98 237
873 903
540 902
44 168
727 451
648 748
758 621
565 272
371 789
753 205
362 684
114 84
366 37
642 278
836 580
199 285
168 424
188 60
677 583
227 403
33 226
151 790
198 715
414 569
855 166
773 217
201 238
652 566
274 645
196 462
577 746
98 744
169 285
803 845
867 382
248 251
607 750
393 805
464 806
725 670
323 849
238 523
86 890
440 711
886 987
524 462
85 622
558 253
258 360
450 125
741 49
727 348
798 119
504 613
276 228
282 950
76 872
472 513
761 264
223 998
602 99
460 686
720 17
939 977
728 740
453 469
140 180
168 937
650 23
901 278
250 534
227 677
405 51
189 517
666 763
515 267
861 326
953 580
342 243
909 69
982 361
889 473
892 408
761 894
430 661
171 31
546 749
707 303
151 247
819 816
10 685
83 222
10 387
802 351
629 62
772 962
774 12
434 666
772 546
911 553
558 433
584 103
181 642
405 684
889 224
499 250
260 933
471 270
671 624
972 299
685 743
612 459
107 397
476 878
942 386
430 851
818 365
954 350
7 710
33 247
285 884
496 545
168 966
814 839
590 785
489 626
880 453
436 986
849 911
215 143
648 996
993 465
361 298
167 719
8 199
317 292
82 812
836 250
129 649
440 70
786 928
696 665
380 131
2 581
394 216
723 41
563 67
858 275
365 24
345 724
222 661
15 656
472 851
257 953
851 48
22 636
975 717
652 707
200 653
287 593
220 361
985 135
779 842
409 495
865 754
218 439
414 233
446 238
435 54
190 637
101 211
625 427
280 628
133 831
281 771
775 852
131 759
986 910
601 747
756 817
500 974
607 265
558 404
854 344
457 395
332 909
958 956
336 589
584 820
419 216
591 193
419 721
951 405
982 903
503 738
72 354
63 30
618 620
434 824
963 890
218 294
151 527
602 486
115 537
305 533
752 895
77 522
968 28
278 301
282 780
390 705
133 452
735 103
71 168
926 385
31 559
374 632
396 488
168 701
21 271
947 449
144 266
476 422
567 110
201 956
814 334
760 548
788 830
67 65
215 476
911 597
386 284
228 782
772 747
834 144
369 780
592 512
398 420
933 316
881 486
623 694
171 382
594 958
212 660
22 778
487 932
726 873
216 953
654 339
51 487
482 771
618 425
634 15
196 919
682 76
404 305
770 574
686 715
883 249
726 256
378 213
539 103
437 106
407 442
444 809
928 277
579 897
54 213
264 249
131 945
325 886
601 94
811 287
160 45
887 885
300 265
97 838
367 885
944 126
326 739
934 605
368 513
502 421
77 117
669 559
413 993
444 14
438 606
300 597
650 186
482 949
802 930
138 521
815 433
646 492
172 931
97 539
443 950
959 871
66 979
429 478
972 224
491 761
829 142
358 478
680 191
778 481
120 268
353 286
700 998
778 223
929 874
113 723
823 71
946 240
402 374
717 373
598 560
485 778
701 842
608 380
32 737
213 504
4 565
141 704
563 918
278 843
143 391
917 317
813 862
556 214
588 625
938 537
184 423
314 884
264 921
616 648
658 828
503 13
392 643
68 306
561 346
148 55
736 417
724 548
630 279
762 217
255 51
753 438
473 419
674 89
691 289
736 700
116 238
713 507
880 780
813 792
125 312
199 212
728 922
760 710
552 873
278 807
923 31
244 396
801 917
836 491
205 571
191 320
160 255
179 391
386 991
535 511
302 733
74 382
6 833
443 557
57 720
363 980
102 959
727 902
227 562
393 432
484 935
103 995
541 281
737 926
623 271
788 925
355 862
658 712
46 100
269 103
819 983
434 921
941 160
174 520
73 918
951 908
852 405
254 744
38 990
670 660
613 457
936 319
670 593
383 716
44 651
818 215
985 251
487 278
762 660
797 186
578 99
445 781
503 698
525 892
39 546
552 3
2 839
674 24
784 56
739 179
58 556
393 42
158 879
671 271
891 467
456 820
565 252
600 420
301 476
311 691
21 214
694 375
405 719
398 188
126 136
366 183
43 111
576 552
341 247
822 231
713 629
50 630
880 2
401 532
477 63
222 850
629 267
224 33
985 621
220 110
108 937
644 502
47 572
53 388
818 226
970 882
854 20
863 85
21 263
616 849
326 189
698 954
456 921
986 440
893 557
902 352
845 897
853 892
468 257
631 285
482 600
519 687
971 381
123 343
644 90
192 321
279 241
274 734
514 259
525 406
167 426
110 11
675 314
254 142
571 884
779 404
836 297
443 158
29 565
853 24
7 396
344 285
636 617
370 149
907 745
24 16
756 698
681 361
839 603
597 617
7 432
265 801
941 646
717 793
669 723
188 13
359 824
981 80
324 560
326 230
304 349
597 411
398 278
772 236
880 368
205 238
151 821
38 91
466 107
236 135
181 423
499 892
598 831
971 274
390 648
503 46
348 100
456 745
729 227
981 608
946 537
198 96
357 587
539 175
693 774
309 874
548 159
765 498
341 87
771 731
735 273
128 82
724 583
827 452
162 159
412 107
695 609
555 403
195 93
577 240
866 237
465 413
747 581
910 88
667 32
170 753
305 297
187 380
231 365
832 392
523 595
851 569
203 405
971 749
497 900
340 714
136 804
126 883
384 388
322 403
419 491
507 75
139 693
455 369
57 638
113 931
232 963
499 786
719 822
886 567
721 226
280 208
381 757
442 765
496 763
519 267
605 25
341 743
718 147
112 126
136 224
57 367
538 555
504 608
728 390
174 448
967 805
8 347
561 449
463 57
564 981
675 168
358 15
911 427
514 374
552 649
949 608
368 838
515 223
445 242
964 618
42 930
422 49
629 334
849 91
742 764
424 416
932 133
783 194
559 296
919 462
296 867
422 15
704 936
238 148
529 201
117 570
483 890
970 111
223 171
553 965
934 328
732 217
460 514
762 370
161 680
832 457
898 253
471 601
540 708
100 68
261 568
990 743
457 311
205 32
481 757
348 767
437 79
335 896
593 97
618 753
128 801
561 26
405 384
978 944
91 78
11 703
645 352
445 454
663 1
485 143
758 832
261 194
910 596
441 854
44 58
959 171
210 519
548 614
902 526
557 345
955 920
399 599
271 844
404 933
196 888
428 953
719 688
498 981
635 291
834 678
348 144
849 910
663 396
523 916
921 80
612 227
351 11
178 621
206 581
906 401
469 685
706 539
724 203
871 359
493 57
36 193
200 236
102 214
632 976
482 904
55 93
131 405
455 308
378 12
240 635
413 708
319 470
599 42
24 469
400 869
525 788
413 77
23 866
290 654
841 771
910 248
864 392
652 670
51 381
682 290
15 446
350 685
915 948
727 290
768 478
158 645
265 570
721 640
435 362
645 628
133 554
875 348
945 878
17 995
259 50
285 625
495 986
310 761
285 388
51 52
217 208
48 834
130 120
473 916
482 117
543 614
671 769
961 967
647 329
314 257
379 950
881 225
935 542
986 219
281 388
622 850
947 670
683 428
789 155
344 270
623 238
235 645
7 547
612 5
876 277
261 606
226 493
182 160
387 519
730 19
906 351
868 205
20 550
632 161
56 327
430 679
565 17
675 923
563 638
279 790
914 891
747 139
383 929
650 121
447 379
140 705
730 359
261 101
909 892
261 316
571 43
346 487
59 21
761 621
658 39
763 924
929 509
62 663
437 64
784 236
442 275
292 523
633 552
976 893
795 236
209 365
630 906
203 688
278 963
661 936
1 423
859 929
931 272
592 720
687 727
955 481
1 598
3 985
501 330
878 295
566 438
12 547
695 214
235 973
177 247
908 177
21 118
458 951
741 401
22 428
127 328
908 479
925 262
815 425
592 692
72 509
481 83
55 176
648 641
148 824
887 407
353 259
876 162
210 968
914 583
395 392
911 654
870 835
268 36
260 211
80 683
719 560
765 125
87 764
766 586
940 4
992 644
263 219
805 824
187 718
758 933
109 668
939 330
503 206
365 114
416 444
796 486
356 912
962 442
675 79
83 723
257 697
942 413
872 480
130 981
412 590
649 350
271 503
907 988
616 674
783 763
159 138
674 473
932 700
551 311
314 985
33 922
33 326
335 256
805 816
237 569
758 885
270 28
387 177
367 354
850 150
116 361
639 141
833 570
840 735
232 505
720 617
427 752
942 113
8 99
928 244
667 685
480 936
65 866
464 431
571 666
932 686
378 571
178 562
492 369
296 724
874 15
340 652
767 633
764 126
83 691
369 101
728 200
37 144
65 852
926 635
517 858
672 894
428 849
455 919
217 751
994 442
117 685
93 235
670 208
360 752
251 80
853 330
473 343
92 398
329 961
255 352
206 34
552 661
953 121
763 298
562 879
983 7
114 652
566 825
755 816
905 607
145 183
199 617
878 291
367 558
603 973
910 808
7 813
468 311
608 847
813 942
853 278
593 770
102 700
586 6
306 82
541 505
51 418
147 417
327 749
389 236
908 395
49 376
57 333
309 665
179 121
606 383
398 551
153 852
250 90
857 907
171 749
763 221
166 261
989 493
361 378
80 269
124 480
996 181
813 304
197 343
777 802
726 526
704 878
319 586
564 489
334 326
710 852
939 50
696 299
427 127
567 903
607 914
83 771
218 279
113 346
432 838
223 488
67 600
144 385
537 707
226 222
385 287
73 323
336 120
621 115
247 540
17 853
453 99
975 22
729 87
719 512
277 942
351 695
893 495
432 429
201 657
650 585
295 75
259 630
194 232
744 792
771 760
644 575
210 618
949 290
57 19
154 333
960 504
379 852
998 810
632 551
818 634
135 112
60 394
94 605
625 837
397 747
949 392
673 158
10 973
800 418
992 953
102 951
456 480
155 454
642 138
356 459
123 490
923 182
235 16
787 211
204 183
309 152
574 334
662 935
306 461
704 297
765 805
600 220
637 106
25 278
243 380
88 718
222 362
899 808
377 37
19 581
571 679
84 145
12 745
431 318
557 487
966 321
643 917
893 279
22 917
908 617
649 348
334 870
709 584
677 438
621 47
18 191
78 101
687 89
198 470
758 754
956 724
75 598
640 319
229 14
235 136
630 235
835 315
104 544
898 133
981 518
531 350
709 608
802 747
49 351
216 806
105 171
881 531
121 873
849 349
886 435
484 867
670 319
181 125
214 78
609 546
596 140
247 656
99 400
402 499
751 618
657 855
140 537
737 260
761 585
608 646
371 444
512 40
114 692
517 679
122 125
224 69
616 822
724 715
221 477
565 971
446 221
825 586
110 913
197 870
849 805
516 220
600 379
611 713
423 127
391 544
252 966
612 867
787 687
933 7
163 498
330 609
718 154
546 827
419 742
49 267
898 564
486 497
294 449
561 716
575 951
259 178
268 222
45 406
908 977
413 423
826 742
383 896
247 928
722 17
21 122
284 919
685 121
415 979
569 328
46 496
630 657
673 898
878 69
303 138
46 67
912 223
160 294
118 759
221 192
775 241
313 410
511 350
680 451
605 725
946 234
381 971
39 786
100 436
204 11
659 364
304 776
474 876
967 248
116 632
658 627
981 540
256 660
990 860
736 288
93 117
610 576
79 648
713 530
84 916
540 94
279 195
221 104
70 540
352 537
171 361
515 151
900 770
162 241
629 897
880 74
365 489
649 795
489 361
324 924
628 215
17 259
409 237
362 478
776 65
367 298
425 881
448 676
651 961
269 631
858 500
704 574
341 704
369 829
416 44
752 44
259 120
654 667
708 15
497 484
80 863
133 504
95 581
532 97
893 800
728 750
299 783
676 991
487 44
819 254
87 922
297 345
393 950
364 101
317 860
936 396
74 68
251 168
1000 782
617 893
933 344
994 584
126 669
574 964
712 745
218 151
666 514
847 59
816 210
159 132
421 446
879 846
513 129
366 513
263 982
405 547
325 398
130 802
419 56
766 130
800 983
632 817
848 479
875 15
40 385
498 461
182 376
306 695
857 671
559 119
4 315
665 328
712 147
482 130
202 247
612 353
581 243
169 780
73 396
147 113
132 644
925 314
372 230
8 228
253 566
698 256
880 714
936 943
212 769
425 413
367 388
765 299
982 286
78 55
681 576
519 812
220 443
125 943
24 484
522 628
401 571
236 632
284 523
575 496
291 351
260 657
90 377
955 71
662 384
477 694
960 347
505 531
789 982
473 813
465 346
792 866
916 27
497 551
549 423
398 839
125 10
847 214
386 801
637 399
537 465
444 496
812 300
378 600
281 202
764 98
547 556
315 814
934 163
364 483
938 114
673 62
123 520
628 860
672 616
610 208
80 53
703 891
352 80
843 985
281 958
434 179
865 748
992 799
910 708
633 199
173 305
613 647
824 240
506 848
207 467
55 286
871 110
529 574
541 723
558 174
32 991
352 897
90 696
47 352
755 679
550 927
335 514
573 159
753 430
358 311
896 412
949 766
521 829
691 62
903 249
587 934
591 938
182 33
633 228
384 387
258 285
665 593
799 589
103 903
18 460
214 265
871 162
382 744
342 73
157 244
673 743
177 263
32 359
295 665
938 30
403 196
315 420
140 465
8 242
367 26
701 932
642 923
445 24
18 786
96 174
29 768
268 558
382 300
268 29
316 205
58 70
752 724
489 891
188 497
132 907
874 184
838 867
459 283
890 476
68 337
650 449
456 917
6 190
216 273
218 883
477 627
351 441
471 890
289 955
796 514
490 634
381 948
916 622
424 335
311 425
783 766
693 140
955 261
412 524
143 241
151 95
821 853
888 643
94 176
42 87
875 774
34 142
395 809
828 705
585 611
823 278
750 777
538 514
653 680
754 803
127 574
7 14
568 100
541 165
341 582
603 215
355 988
708 102
797 536
158 381
146 980
10 247
109 547
760 761
579 865
563 705
790 921
70 358
20 610
522 361
544 124
927 898
463 635
351 259
170 509
992 667
488 1
265 948
900 25
708 478
241 622
534 31
542 603
388 914
564 261
274 107
736 552
357 198
186 707
809 707
215 800
373 55
152 638
2 51
14 62
528 254
683 61
636 577
15 23
490 579
635 115
685 370
666 41
568 204
100 376
910 666
527 635
720 678
624 74
729 637
487 608
242 521
21 878
97 35
252 938
965 887
52 650
608 70
42 175
625 141
902 886
807 428
520 878
458 143
303 186
131 789
793 725
310 813
602 758
200 205
696 164
443 99
165 51
520 559
225 144
699 479
30 857
258 901
87 715
396 741
252 526
530 45
602 191
209 555
948 760
760 995
924 202
94 440
252 965
998 829
109 49
307 490
905 916
390 343
631 137
84 882
663 965
278 264
155 839
819 454
598 930
449 873
131 894
313 735
858 310
563 318
358 221
159 615
136 901
957 118
37 40
352 51
356 981
667 510
819 837
316 769
766 764
993 248
9 305
334 218
888 324
468 46
290 956
298 599
425 335
990 776
385 346
109 403
855 279
239 170
47 4
285 40
604 645
696 937
215 662
185 102
338 4
499 627
959 149
225 736
483 215
863 219
912 971
622 766
250 860
288 296
216 924
687 819
569 383
755 135
396 939
236 85
943 86
712 253
234 288
988 68
854 851
639 765
821 260
883 422
471 522
70 38
445 756
856 365
490 963
499 238
253 86
322 195
524 385
800 757
673 139
177 878
341 815
995 514
426 229
935 248
750 4
286 546
112 493
263 601
455 113
838 708
199 512
254 74
896 405
182 920
544 358
798 236
524 144
749 949
372 684
197 473
39 834
18 150
326 280
103 781
393 292
488 943
803 93
16 699
498 197
618 393
907 767
628 430
910 377
731 633
412 927
105 802
760 123
952 437
754 406
217 498
49 56
440 852
501 807
902 998
356 871
390 614
990 369
43 251
745 773
884 508
51 988
310 162
462 613
599 568
18 167
65 66
223 857
269 723
15 522
72 370
745 813
335 734
181 378
984 278
502 219
785 553
207 94
66 20
58 16
587 75
183 4
493 757
860 113
831 226
635 902
948 379
714 282
112 894
659 447
523 513
666 308
417 224
753 482
243 811
498 182
237 32
185 729
788 396
194 618
973 828
871 920
558 584
202 21
829 212
467 352
724 484
11 140
707 763
974 302
573 823
483 162
854 19
890 993
766 435
962 738
262 832
658 819
415 211
191 595
422 658
298 146
141 308
637 200
71 610
501 995
784 335
156 637
705 398
981 822
832 942
911 94
773 920
264 539
130 455
134 904
49 956
739 37
155 161
999 7
155 782
693 311
771 749
60 751
570 891
693 481
336 465
400 952
4 882
758 489
785 221
919 185
176 9
221 683
169 219
41 676
353 734
338 123
482 397
873 404
287 917
236 975
734 987
926 89
868 683
577 652
255 847
836 782
208 409
464 728
979 857
403 331
590 740
805 423
136 30
178 775
946 413
749 31
400 674
119 619
708 47
271 962
246 458
743 453
866 559
180 197
415 935
879 356
26 684
130 514
713 308
288 10
72 388
41 823
61 511
442 120
558 712
81 803
521 823
607 739
381 138
935 147
72 813
502 98
848 632
963 912
291 250
922 714
637 314
537 49
824 978
168 733
41 600
887 561
422 493
299 155
631 233
653 54
398 155
503 245
138 465
157 780
714 430
493 702
743 29
102 918
6 269
651 46
220 537
959 994
382 257
148 12
842 152
417 239
306 920
835 795
736 991
574 450
772 67
503 866
447 605
784 805
225 786
850 445
674 808
438 55
417 937
418 258
88 835
496 746
754 682
892 489
25 466
290 796
884 145
662 330
101 797
134 677
934 336
473 607
495 262
662 911
198 79
520 638
265 15
735 370
49 626
211 73
91 852
220 326
996 881
8 448
29 141
125 962
828 597
569 323
859 582
585 408
12 105
397 277
471 131
998 519
109 208
943 551
60 163
877 407
395 884
207 424
376 331
737 556
279 305
230 489
238 814
249 250
270 645
878 93
128 875
611 236
435 906
786 494
68 14
252 462
249 458
237 625
140 974
532 771
630 761
259 868
926 859
469 196
856 698
288 335
924 250
922 358
155 59
203 574
73 807
388 321
264 624
297 756
949 828
526 579
588 136
798 514
347 618
61 202
315 348
536 238
949 809
948 104
867 150
29 939
956 416
612 572
392 260
327 340
88 204
918 27
691 67
892 37
684 952
590 998
299 477
588 600
285 535
55 152
684 83
442 992
851 53
563 242
313 241
581 752
444 851
778 486
917 670
523 601
621 464
950 272
941 537
223 225
423 277
728 459
359 170
450 209
574 364
450 238
604 383
341 399
233 119
884 149
140 758
101 112
574 403
735 514
291 957
90 714
233 170
172 944
691 973
504 264
336 306
854 291
688 194
689 272
664 924
772 803
34 225
267 607
627 1
472 269
310 561
982 894
82 505
837 772
829 693
388 164
998 241
454 37
660 450
418 431
604 451
7 870
409 633
223 880
902 532
440 235
425 874
92 614
645 920
658 32
436 7
272 241
43 58
87 54
859 504
836 814
306 843
684 714
827 258
945 728
141 736
315 917
609 758
882 254
677 539
285 464
545 909
57 939
318 143
992 176
998 828
989 655
670 24
368 848
633 664
576 773
399 242
42 8
999 923
261 27
462 897
843 6
805 899
297 122
393 288
649 390
467 990
44 488
13 763
336 998
426 263
122 824
504 163
831 854
86 443
880 899
340 722
256 144
972 552
266 364
840 266
753 658
255 148
146 620
910 481
617 335
743 738
159 598
253 341
451 690
784 330
588 123
404 195
266 727
747 883
91 938
501 195
595 755
343 92
374 252
572 342
587 666
432 97
263 36
437 713
725 572
395 664
694 798
858 312
876 604
546 966
893 46
513 840
801 855
931 526
458 503
220 396
168 651
492 431
38 281
495 762
204 889
425 898
38 282
209 914
238 754
231 130
800 743
969 952
597 900
829 407
754 48
802 273
50 646
55 87
278 550
848 481
438 624
378 476
906 938
741 495
44 971
624 195
66 945
146 662
196 974
420 301
374 222
573 423
867 628
510 496
177 709
976 966
333 354
793 590
643 533
84 686
856 59
232 921
3 729
934 550
55 354
850 428
927 423
850 145
402 711
640 578
772 615
895 104
320 688
45 963
572 128
1000 779
186 232
699 541
960 633
90 14
338 940
793 264
362 995
760 763
705 399
692 828
13 938
931 685
625 975
647 549
454 998
327 640
581 26
180 893
10 269
258 699
560 51
314 273
45 73
35 101
471 78
929 835
16 211
519 992
186 517
540 991
867 219
630 447
596 161
339 605
430 597
655 989
999 968
262 43
392 648
143 214
78 423
400 445
634 271
436 171
139 328
161 5
546 791
452 141
303 142
97 732
90 103
73 88
422 686
130 813
685 625
378 114
47 777
558 680
47 346
202 186
673 363
542 218
505 993
710 807
487 158
891 576
260 315
664 681
352 145
493 36
121 870
502 168
998 59
199 397
404 401
934 76
115 475
645 971
820 706
777 306
863 19
881 122
333 896
802 36
41 646
424 161
867 925
680 865
983 879
613 739
631 546
166 97
20 163
67 191
868 195
496 731
214 377
204 898
624 6
934 664
3 357
825 870
281 856
86 615
86 698
353 68
595 519
164 966
681 230
157 900
777 652
982 990
380 186
887 4
543 820
19 545
176 195
766 808
51 203
423 136
204 846
645 719
164 677
301 320
577 77
323 558
66 703
743 304
58 637
124 76
534 651
271 299
459 321
854 881
808 105
7 363
303 652
82 466
328 382
785 256
458 459
814 875
513 908
178 570
545 653
998 78
304 268
728 114
940 581
346 99
686 352
462 988
355 543
805 683
276 941
938 85
399 103
311 912
11 488
481 907
493 478
984 148
97 711
261 388
644 606
487 329
309 948
668 664
842 472
698 117
764 987
201 162
442 511
73 452
350 906
358 842
735 693
989 832
755 601
219 398
558 705
78 867
4 97
882 845
920 931
961 683
917 513
845 358
23 269
161 725
174 870
918 909
562 259
740 669
859 310
66 769
367 496
987 370
592 868
215 512
798 175
546 66
40 390
776 414
659 288
138 184
158 408
92 71
666 183
739 876
845 157
644 211
652 630
580 595
849 146
673 4
416 712
393 191
125 403
830 615
587 987
22 30
410 687
213 500
562 57
656 206
619 659
187 198
254 36
344 711
33 368
66 448
79 811
990 203
213 820
817 151
158 838
533 567
876 97
419 438
153 74
995 123
733 181
672 338
568 367
400 601
734 466
400 812
628 742
15 192
561 183
695 70
373 227
989 248
323 407
37 827
480 383
949 564
564 620
253 131
987 5
83 720
822 835
532 449
576 898
640 488
432 334
557 804
560 545
404 234
951 792
60 783
175 8
698 90
628 303
572 966
307 655
685 480
841 568
928 416
465 919
903 897
605 459
52 516
356 807
750 658
599 809
440 773
817 490
862 796
144 433
761 450
439 797
281 279
365 208
46 829
478 300
77 82
759 481
598 466
287 699
123 885
507 915
9 675
404 222
470 547
7 582
348 797
379 628
76 743
187 473
923 16
773 352
98 883
832 47
348 470
745 470
355 251
384 715
278 139
289 747
37 295
681 736
91 411
715 518
153 901
991 427
917 115
778 366
997 961
412 344
431 508
165 137
758 901
851 387
39 139
486 428
785 166
163 876
576 878
393 80
130 735
506 398
849 636
763 197
596 526
892 26
33 57
162 143
309 365
529 699
855 14
126 640
531 289
515 106
518 259
185 647
346 43
45 194
678 159
391 273
685 634
651 69
42 812
211 350
528 92
49 383
105 526
22 988
166 888
93 683
146 630
682 491
24 78
37 701
236 779
325 272
412 975
341 454
139 903
994 203
400 451
81 421
438 246
308 882
929 806
511 962
648 534
39 36
586 626
814 263
250 578
237 590
383 727
844 537
745 190
92 144
640 172
917 429
417 576
310 697
381 173
658 381
58 48
416 644
674 582
906 923
159 494
864 541
573 707
77 669
896 168
812 887
339 80
315 108
656 977
804 388
149 462
768 558
509 536
553 534
117 810
808 275
656 671
167 228
730 595
896 977
763 59
864 453
139 530
560 794
506 716
181 6
177 301
916 37
836 468
923 304
278 730
930 933
401 96
512 482
690 759
458 804
817 321
609 955
851 520
100 708
235 633
66 763
285 981
152 472
448 74
775 77
803 704
9 555
151 872
36 192
630 494
348 447
166 956
753 16
827 205
76 62
837 141
176 121
121 327
592 920
752 718
997 907
773 357
461 923
229 849
114 858
342 813
656 507
768 409
875 595
613 302
8 801
794 535
921 266
862 864
185 965
581 533
871 353
890 332
627 118
180 92
327 873
905 335
731 24
743 957
970 707
610 977
859 403
864 131
668 77
994 853
41 926
385 912
630 626
595 256
95 126
347 422
350 603
756 80
627 850
389 596
908 998
925 118
401 788
248 420
864 593
272 256
870 9
519 499
634 113
754 81
590 452
502 939
407 609
371 33
810 759
980 717
108 904
186 860
43 433
280 258
25 903
514 894
263 32
744 249
497 849
329 86
300 830
377 706
790 747
90 599
857 70
667 964
325 852
176 368
284 455
625 660
357 490
905 972
874 648
220 722
496 548
807 147
729 535
205 518
281 646
468 489
715 134
453 40
985 628
759 620
434 735
631 142
577 887
113 450
886 332
171 733
231 329
879 959
216 435
828 496
81 295
985 147
428 789
186 764
768 296
735 553
31 717
694 607
603 159
408 488
842 930
220 73
610 451
31 825
237 211
673 669
505 657
816 285
797 353
48 916
649 135
468 31
851 161
637 454
319 396
293 161
325 513
585 286
315 967
111 551
177 783
220 682
791 387
966 939
739 365
854 739
499 321
769 350
833 757
155 504
152 447
664 828
311 600
114 977
566 576
880 743
710 451
424 852
837 389
790 927
105 995
666 604
315 434
305 499
543 811
2 46
257 17
874 920
616 339
896 182
266 127
924 975
577 699
826 413
439 967
340 543
961 357
146 627
790 802
477 332
612 479
378 221
495 603
140 463
293 387
644 558
514 919
884 442
617 61
207 55
27 546
597 339
902 95
317 43
896 145
727 860
623 456
80 470
58 571
932 702
957 927
259 822
845 494
264 461
554 822
515 932
367 463
622 620
557 290
14 805
434 740
664 57
547 743
878 956
665 809
657 621
735 267
795 931
760 410
391 313
231 257
596 949
71 217
920 628
506 933
784 940
25 447
348 923
541 225
879 205
33 535
177 119
154 323
401 913
84 143
578 314
751 173
614 821
390 533
448 247
818 583
186 194
29 533
116 921
757 994
477 141
881 6
611 34
328 11
298 412
505 875
77 255
48 691
76 789
575 875
35 392
458 573
937 838
105 53
111 214
398 587
706 278
592 317
663 272
679 961
35 184
835 111
438 234
153 513
374 80
740 409
823 197
981 760
34 437
812 496
83 708
839 26
24 853
297 54
813 683
589 1000
794 27
585 298
891 959
377 982
367 200
178 699
959 564
135 122
59 137
682 493
844 872
519 219
725 167
272 889
850 213
888 995
591 473
644 833
431 21
815 149
572 992
847 882
907 333
355 966
469 388
458 312
260 328
882 336
495 154
224 344
718 464
690 308
936 333
140 718
705 954
866 276
946 64
157 204
396 511
169 865
899 979
528 510
306 410
197 800
915 420
495 632
235 184
939 170
869 430
239 573
384 456
849 681
519 357
884 267
220 53
131 470
383 10
979 688
419 175
488 685
946 334
316 181
870 606
702 738
36 941
310 419
748 510
867 334
533 86
738 15
555 120
24 885
808 795
411 647
479 708
980 147
888 849
752 942
586 139
234 248
909 981
757 359
247 975
693 131
412 782
497 966
902 873
202 61
667 612
707 497
320 38
643 559
239 747
500 176
885 733
423 794
714 532
504 312
506 196
795 918
330 291
235 583
163 437
643 181
400 701
678 71
738 672
982 976
418 481
504 655
566 926
800 631
457 303
294 315
851 88
584 180
731 818
762 893
606 404
74 358
456 103
428 545
774 409
873 544
242 376
198 159
301 997
141 110
299 434
776 149
328 604
176 441
848 134
196 921
491 651
375 270
196 149
31 420
692 272
795 241
782 447
237 922
908 887
355 683
36 580
41 715
183 569
508 31
54 703
303 544
706 678
813 901
178 843
672 221
466 466
461 599
264 697
520 172
583 227
854 970
806 247
37 989
815 544
371 220
246 25
763 951
54 927
203 231
122 874
803 939
691 263
538 955
311 57
126 894
635 331
215 441
577 251
781 743
146 503
962 392
527 76
694 581
3 249
163 476
474 966
414 165
228 951
471 539
360 596
784 994
926 350
786 855
953 918
597 98
420 911
841 299
986 535
879 340
135 393
815 608
358 581
772 938
883 242
828 594
189 963
940 467
664 725
673 616
643 269
714 414
179 906
712 517
792 942
856 926
335 23
534 44
603 657
333 485
251 160
79 439
474 370
257 138
94 929
105 88
550 818
502 80
76 565
596 867
507 804
793 193
826 326
236 780
982 921
616 232
432 46
23 906
415 631
395 509
560 499
948 109
669 801
540 744
366 136
610 224
291 402
416 116
79 3
247 413
275 862
996 707
908 18
612 322
649 6
182 560
856 130
20 524
930 559
267 647
46 877
222 336
630 989
803 61
344 49
825 618
911 820
324 170
190 287
491 838
644 25
749 500
154 768
23 435
678 642
434 724
870 655
411 499
644 214
911 339
614 735
956 876
555 280
45 744
918 888
933 562
912 33
61 65
800 435
76 636
552 945
291 963
796 286
528 706
624 141
793 931
17 347
562 61
442 480
948 726
41 211
758 453
627 909
887 478
737 963
113 289
907 755
603 702
392 130
760 15
270 552
298 638
250 859
51 691
338 998
768 378
561 525
830 187
785 69
664 521
31 129
161 289
235 763
991 627
892 750
993 514
653 290
151 902
149 201
944 486
551 711
216 111
587 397
297 723
465 313
243 847
793 404
136 27
166 126
5 410
227 998
275 231
287 425
132 435
978 427
921 880
137 488
990 75
884 638
797 349
302 391
195 446
146 682
825 664
159 829
73 385
826 347
615 113
123 98
547 100
524 819
979 12
306 320
438 190
310 586
890 963
977 436
409 122
118 233
785 276
413 209
13 239
907 979
351 30
429 249
481 952
68 812
316 373
131 753
914 440
339 155
755 667
591 163
140 60
747 277
687 159
837 699
397 744
30 99
773 458
348 605
761 767
416 76
491 547
181 405
338 871
559 92
889 501
606 28
912 352
656 599
511 493
649 259
236 30
358 360
487 57
964 600
823 380
27 313
926 207
69 615
77 628
59 965
480 664
345 744
16 1000
342 878
492 342
136 727
372 845
86 210
901 402
809 723
781 836
388 58
394 456
672 823
435 730
787 915
746 483
658 113
835 351
990 326
692 477
405 63
674 842
625 574
243 433
649 23
620 36
432 14
491 104
836 926
185 974
192 282
457 201
394 291
551 735
968 594
564 724
9 237
918 633
810 160
65 810
535 685
845 966
50 688
421 885
965 958
858 508
239 666
708 633
308 610
719 276
203 282
351 211
518 268
195 680
780 260
489 666
296 686
631 345
725 404
581 689
361 438
196 951
104 903
864 654
390 66
935 741
629 453
8 823
132 139
434 972
804 81
657 787
425 381
190 5
69 902
795 616
852 250
870 787
12 733
440 402
151 374
142 779
826 501
953 309
992 739
281 795
819 289
933 596
670 122
952 90
375 746
58 227
347 927
365 359
12 804
112 162
177 605
292 355
457 596
15 448
334 647
595 505
936 527
100 957
1 51
46 375
149 103
953 847
382 317
205 393
120 668
906 649
272 197
355 729
144 369
528 478
16 122
982 303
1 433
259 1
835 656
759 32
182 492
348 738
236 820
406 141
820 677
689 174
757 832
894 285
661 261
758 994
563 758
426 173
110 261
829 189
595 939
220 776
430 919
514 665
90 271
157 909
299 845
434 56
28 680
692 689
940 801
682 855
911 108
379 372
720 207
560 314
497 131
442 926
50 307
942 139
577 98
400 227
294 185
634 322
864 325
10 156
478 43
362 388
502 740
759 221
299 671
887 795
801 680
73 850
986 14
341 914
464 92
140 109
276 774
430 492
450 791
647 279
834 8
666 687
99 777
908 397
447 794
544 599
473 616
801 810
981 493
75 796
584 214
905 211
339 686
702 141
477 348
419 662
707 437
348 158
213 607
554 11
752 97
961 576
64 761
385 45
253 811
840 836
377 744
399 715
782 100
207 610
800 626
623 506
62 322
663 626
929 569
988 680
17 948
608 81
709 344
477 313
155 316
501 531
412 899
597 193
998 804
802 149
781 424
655 194
745 669
819 25
57 958
105 664
38 165
7 514
478 513
181 330
43 592
228 640
136 577
795 289
726 575
64 732
768 809
752 938
185 341
95 241
298 551
256 687
68 615
552 897
127 732
226 522
676 805
513 811
381 307
100 106
233 163
189 1000
323 941
937 860
633 383
100 282
933 708
320 352
322 871
248 800
954 473
673 629
629 185
440 10
491 891
467 723
53 656
74 728
948 362
587 932
744 38
565 29
745 236
380 418
106 980
570 59
452 242
688 433
427 479
442 269
369 260
344 773
267 417
500 214
131 86
497 874
476 413
254 220
648 634
990 753
613 559
164 416
152 203
848 578
681 641
199 401
901 542
173 167
310 673
733 440
110 229
666 585
994 919
157 641
904 146
746 516
56 261
284 207
463 483
137 495
124 335
895 24
228 67
190 537
91 922
329 201
503 994
137 496
264 293
488 168
790 233
35 197
493 670
404 307
153 892
801 276
226 47
299 453
466 840
341 908
114 669
460 616
14 597
463 630
889 950
149 31
535 183
227 379
853 982
686 357
873 838
632 450
237 282
254 54
121 595
961 586
615 421
553 981
17 15
962 257
317 110
639 203
644 866
581 848
199 618
204 424
808 835
873 44
468 479
97 941
425 57
526 391
477 79
371 845
445 684
454 113
793 92
315 789
957 248
636 508
865 192
931 24
26 155
67 846
985 163
786 409
800 400
741 522
597 186
206 50
650 998
141 965
786 450
564 774
957 780
965 239
804 342
745 870
187 730
385 324
138 308
635 937
59 727
459 655
912 664
704 914
13 197
230 151
646 793
924 954
924 240
192 727
581 936
949 120
17 685
443 155
344 429
443 402
156 253
57 419
916 112
332 281
308 561
431 953
705 706
258 629
945 449
355 877
737 655
996 753
691 439
259 34
219 54
436 374
306 492
793 222
955 476
854 263
37 636
215 741
341 473
721 637
273 428
513 361
82 861
466 773
651 76
806 869
129 593
243 435
436 387
8 391
862 861
496 219
343 188
43 63
824 668
490 688
28 924
548 845
48 198
921 205
419 49
798 661
483 233
399 490
623 612
702 627
214 549
846 556
736 240
970 911
907 812
951 287
87 850
131 134
400 51
338 818
100 135
830 934
720 580
776 694
191 829
321 404
378 518
311 465
757 633
728 16
444 678
302 530
879 432
15 278
835 352
447 286
839 276
219 558
207 346
251 398
175 923
153 904
440 464
368 549
448 95
564 243
124 217
124 3
648 138
632 482
489 431
119 679
58 338
236 265
35 839
662 209
761 814
112 553
629 832
453 76
926 368
670 402
584 793
756 583
930 387
417 771
817 535
449 875
224 37
491 259
875 152
819 987
317 283
539 298
114 991
725 39
710 395
792 293
187 547
228 469
286 644
591 454
178 39
680 754
75 170
12 301
321 830
288 990
112 826
287 225
169 11
616 878
405 759
523 944
306 750
412 591
745 2
396 922
392 76
675 819
245 38
119 566
220 406
907 331
584 193
908 104
203 875
333 960
985 207
903 290
956 666
232 700
19 628
974 762
703 1000
580 299
38 51
216 609
456 122
291 391
314 198
494 869
424 179
828 761
385 82
50 693
99 634
392 469
613 717
230 667
69 162
965 106
212 181
714 19
302 4
410 968
554 255
836 329
433 15
89 170
96 491
862 546
476 605
14 88
674 243
754 742
756 718
199 967
250 264
986 552
619 395
519 524
1 706
853 786
720 293
955 167
135 168
712 610
772 725
49 445
319 802
186 75
872 384
393 121
999 378
24 618
124 542
141 125
247 345
910 318
638 216
484 124
383 195
86 154
271 134
951 942
936 488
368 159
224 760
279 222
138 655
839 261
548 980
737 147
324 646
464 313
861 948
789 595
494 874
749 765
7 51
58 294
538 425
452 761
184 83
335 673
737 173
286 284
504 22
430 180
20 894
844 232
193 632
827 686
505 927
450 864
977 507
157 866
283 609
979 819
43 313
491 779
837 128
414 693
150 844
224 521
89 67
752 281
51 578
318 555
856 768
770 184
626 927
50 261
887 380
79 929
44 921
59 232
49 472
924 198
667 499
70 755
566 821
387 616
751 705
522 606
824 292
142 801
218 543
61 456
922 491
384 317
412 442
548 460
913 824
9 580
322 78
686 239
898 73
854 1000
129 728
606 952
371 99
752 588
641 165
395 562
655 778
230 66
219 777
877 483
952 885
414 626
314 100
864 212
524 70
563 652
149 520
603 519
618 706
458 258
222 852
171 877
629 400
294 199
529 171
33 832
55 447
457 369
898 673
932 773
94 846
424 242
366 378
112 983
435 569
241 657
772 411
533 752
163 826
302 691
348 334
874 755
132 331
123 29
355 406
801 448
251 576
41 616
953 152
951 388
72 543
396 195
305 928
946 467
105 247
509 453
580 383
207 64
65 681
444 419
438 597
218 40
172 610
8 477
113 958
216 536
500 611
730 804
890 675
623 994
921 131
798 852
865 356
915 929
36 359
699 825
307 268
865 478
877 872
306 341
181 521
876 680
131 605
835 372
279 809
366 551
940 515
755 156
871 21
437 258
731 487
83 37
755 947
867 983
170 172
324 350
693 199
381 175
156 567
547 786
376 264
337 667
130 443
174 1000
463 610
258 194
97 692
582 203
990 448
185 511
620 508
860 664
59 592
838 214
510 736
999 237
351 687
255 481
129 429
832 944
390 441
489 486
132 70
40 121
518 225
631 489
732 842
152 142
785 341
355 647
77 706
883 779
392 490
259 873
918 91
168 659
531 8
497 15
77 536
487 946
760 470
786 844
311 937
985 448
278 692
446 706
397 680
836 140
169 95
364 438
537 883
97 419
890 593
433 319
