5678
234 483
453 28
61 689
516 354
744 333
962 564
740 12
863 756
618 8
401 103
994 683
826 608
543 697
684 970
804 559
114 37
393 918
417 453
606 284
159 701
968 120
264 707
483 479
462 452
486 214
554 479
248 731
439 790
428 122
759 231
33 224
620 777
141 388
230 99
671 740
799 638
211 415
344 693
893 157
497 730
370 50
560 617
133 998
758 560
472 868
142 856
92 113
632 584
500 213
34 170
304 833
807 866
599 502
911 843
658 407
572 379
808 483
995 940
833 104
499 656
972 993
863 415
105 494
350 605
59 384
126 714
216 933
580 166
786 490
8 444
248 579
822 55
413 169
995 245
272 845
900 243
837 762
9 294
608 359
898 18
742 23
731 309
307 662
474 445
503 481
240 750
411 413
805 823
581 151
68 205
995 319
799 832
433 808
125 40
166 374
409 907
748 491
567 407
153 40
851 7
520 442
109 930
854 913
752 435
415 171
991 409
490 789
592 274
948 68
665 113
793 73
371 541
563 937
299 67
328 501
426 847
942 534
128 795
798 232
581 212
402 571
620 243
712 564
516 659
631 180
124 424
604 846
316 167
135 614
585 462
466 10
661 407
543 788
201 340
19 134
903 773
704 523
367 767
438 883
426 68
414 901
491 18
746 158
536 232
123 120
694 588
482 706
994 376
845 547
68 216
32 970
988 735
844 354
854 281
588 631
701 354
531 543
371 628
701 258
860 823
729 905
411 210
962 756
938 806
654 5
21 685
326 360
772 522
66 625
154 653
255 854
6 137
397 728
116 449
985 327
271 714
583 33
275 544
141 212
350 794
568 722
479 246
82 602
767 147
226 920
126 157
968 522
236 435
970 573
762 592
286 344
977 912
888 117
124 589
910 43
310 740
288 391
341 406
537 918
678 688
749 803
196 68
676 431
503 997
355 264
588 640
607 564
904 846
32 27
434 942
421 744
681 709
134 374
466 23
291 143
710 40
945 257
459 620
39 961
968 394
576 908
385 535
471 288
380 855
666 814
796 87
909 828
147 394
553 612
416 844
755 477
235 51
733 693
23 124
6 990
517 933
897 253
467 720
541 847
574 558
12 721
644 920
900 142
313 453
754 81
296 860
557 882
262 642
574 636
117 931
626 633
864 874
237 682
945 777
528 518
687 891
590 330
162 490
824 827
942 929
907 589
140 815
470 401
808 395
37 276
326 14
908 541
887 497
222 832
625 102
701 311
344 291
641 506
132 816
684 73
744 942
661 883
108 130
283 916
524 671
191 201
684 451
93 571
299 315
754 923
768 806
234 111
448 226
968 579
41 651
3 784
592 15
666 700
496 300
967 372
971 509
572 654
311 665
576 609
331 681
884 98
487 117
560 286
342 880
217 734
530 219
517 474
234 534
525 81
833 843
452 803
351 24
809 14
40 384
974 370
417 857
819 903
973 730
540 666
609 756
751 491
975 619
964 560
152 488
640 985
330 92
139 32
467 947
397 506
683 371
227 99
227 397
353 552
126 892
569 87
648 672
577 974
290 540
533 442
379 524
778 60
615 916
443 433
215 840
938 249
562 516
347 140
912 51
43 390
942 964
828 941
635 404
914 924
295 798
365 25
322 142
436 288
410 878
721 976
69 10
224 630
878 922
770 141
972 812
882 265
775 709
206 761
464 119
685 758
269 49
134 590
543 569
229 304
447 301
631 867
311 854
497 540
127 618
680 98
781 562
362 908
270 567
668 734
38 352
843 306
753 977
247 647
897 475
302 343
776 932
210 438
137 58
977 263
675 656
360 455
569 73
362 191
992 30
924 29
733 118
686 485
446 932
131 343
406 432
37 533
715 598
970 851
655 298
113 681
306 824
488 874
249 849
64 240
230 339
268 315
809 305
799 254
236 282
596 993
65 985
878 780
582 847
982 589
497 95
269 802
270 756
675 518
957 739
757 538
429 376
852 237
680 651
491 267
284 438
612 348
422 489
479 356
687 461
944 183
907 212
984 528
968 659
46 276
749 154
813 529
882 665
766 913
667 608
180 950
45 143
649 819
631 128
174 317
940 117
500 198
680 835
725 647
493 122
274 593
276 87
122 509
751 239
421 417
846 952
718 242
94 366
412 724
845 585
393 136
53 892
333 733
726 58
731 571
179 5
515 806
443 988
314 193
578 735
961 423
38 30
17 132
747 428
207 592
365 599
79 417
490 412
501 568
469 584
490 999
940 356
157 382
344 470
926 921
556 238
696 946
267 64
77 365
491 283
956 855
234 35
624 75
798 476
642 618
59 483
616 350
839 124
731 534
946 656
806 853
245 501
798 511
564 874
876 407
509 183
613 94
569 588
168 366
64 162
335 474
644 303
824 834
426 906
367 371
562 173
224 806
25 373
669 589
599 896
347 107
430 959
200 999
547 719
716 962
880 51
787 524
705 610
709 130
868 76
853 429
600 76
586 624
448 606
564 46
853 910
504 283
869 55
633 767
774 700
728 653
102 514
528 806
476 237
936 343
664 788
123 263
215 60
886 14
18 450
412 870
359 267
504 579
674 136
345 447
188 424
451 289
290 331
95 117
919 382
811 582
521 285
844 87
344 729
452 713
530 215
583 241
482 438
819 155
574 516
953 113
291 403
401 580
85 847
48 3
580 858
584 452
142 779
890 838
860 342
550 389
556 484
629 37
922 800
543 847
667 495
959 957
250 711
889 334
558 936
337 489
146 272
941 639
51 830
476 910
171 378
650 79
213 279
467 134
430 10
332 96
856 642
404 105
353 292
791 262
580 127
750 77
750 690
715 800
872 543
61 394
920 711
472 484
341 291
618 770
300 301
217 507
943 972
612 647
264 754
908 195
232 657
271 981
699 337
781 570
879 193
963 150
903 787
634 243
77 603
364 728
903 932
234 197
904 197
843 519
950 750
713 181
759 335
514 457
671 646
378 902
838 692
51 741
478 684
335 906
286 51
985 541
334 571
737 237
119 932
107 421
681 819
953 439
505 466
247 528
111 624
429 949
316 479
41 793
515 727
51 800
129 35
692 463
957 429
699 76
360 806
848 392
976 800
183 833
266 429
360 376
53 140
676 368
618 68
512 132
795 562
284 923
949 975
737 257
755 436
332 466
593 179
210 920
331 392
104 596
820 815
323 872
954 999
591 572
418 103
55 212
664 690
487 964
17 223
221 123
10 904
941 954
435 150
226 765
541 329
360 712
496 34
936 449
32 526
372 802
980 779
365 996
468 851
959 836
426 531
959 787
435 899
93 221
400 318
985 292
998 696
3 493
729 290
294 113
168 665
914 147
443 278
142 263
481 453
98 258
983 408
44 769
658 136
989 57
805 973
700 155
668 55
999 749
344 292
861 863
957 774
10 751
51 503
13 883
307 463
140 290
870 184
410 880
671 399
288 828
723 988
982 743
42 980
491 737
272 351
600 580
476 961
330 878
815 343
761 122
157 900
763 378
435 172
257 458
922 545
285 645
884 266
739 277
597 229
13 868
931 964
799 758
276 129
635 91
823 747
212 979
999 326
356 433
497 965
890 419
861 174
415 744
791 153
20 388
733 384
607 15
348 406
772 623
886 758
713 708
505 276
38 855
601 745
287 450
709 529
220 569
54 634
664 845
138 683
584 222
67 190
588 766
947 711
388 832
468 453
891 324
80 280
178 33
25 817
482 85
345 701
6 398
686 21
594 175
704 177
748 122
719 335
887 17
45 626
849 864
78 91
188 510
371 717
542 747
885 23
183 229
75 540
979 112
561 924
286 264
453 385
737 171
719 623
187 763
248 387
978 678
478 517
187 200
234 728
946 118
102 128
699 176
20 29
287 580
952 924
843 404
308 579
926 378
553 113
492 152
851 469
829 328
986 367
527 571
446 824
688 547
304 738
74 323
766 360
902 70
635 96
473 294
26 399
671 930
863 514
81 713
983 262
393 320
980 271
890 426
447 929
972 750
667 398
424 784
757 677
853 744
124 326
389 149
76 60
430 938
573 510
2 907
123 394
226 103
17 115
528 463
44 851
564 62
248 987
845 357
15 698
452 138
375 840
638 450
251 67
739 176
928 740
82 51
486 660
153 502
774 32
316 169
234 879
582 834
217 427
190 231
476 993
368 850
832 357
651 83
423 389
610 350
480 691
400 965
350 904
818 476
287 485
996 521
363 578
354 931
356 895
161 831
239 880
32 70
236 682
504 658
70 113
360 549
156 759
866 857
15 35
684 301
520 32
821 234
609 526
165 316
772 325
146 10
557 177
432 792
858 287
802 279
400 161
179 907
271 44
115 285
79 151
586 950
182 758
183 142
636 347
457 759
672 954
769 228
130 200
371 339
486 172
617 237
684 795
495 955
191 962
239 621
112 176
570 293
286 752
786 273
99 242
31 122
547 799
701 676
350 423
366 188
595 334
424 278
480 271
584 670
232 823
290 343
350 211
987 987
315 124
259 765
365 290
886 911
440 938
938 790
360 655
329 306
988 752
936 467
374 519
137 605
693 778
299 43
341 637
381 655
760 640
419 476
281 656
738 720
593 27
861 304
681 189
610 668
293 897
135 18
415 623
975 108
752 625
502 92
262 882
98 373
873 516
849 153
171 938
225 115
965 437
419 997
978 380
665 270
628 151
639 42
125 613
501 876
238 2
320 499
236 417
223 108
285 423
613 455
361 189
922 677
625 692
673 602
423 689
223 50
839 862
91 963
474 944
191 63
297 862
913 532
630 136
992 914
558 956
721 270
144 642
298 120
685 971
74 107
659 296
156 850
509 598
164 335
893 354
397 190
567 310
721 197
797 64
110 706
19 182
976 514
175 273
634 859
595 59
965 254
354 472
455 215
422 618
549 314
972 297
855 890
958 928
86 754
991 548
460 362
729 787
227 256
411 212
114 6
270 431
611 976
902 65
190 675
682 90
341 5
738 195
895 696
122 332
801 465
879 612
826 960
750 404
215 161
616 680
518 885
110 128
860 364
544 401
390 577
842 730
582 580
277 828
627 398
159 427
214 390
391 391
701 140
795 267
652 410
946 169
646 56
648 858
771 191
258 160
768 452
242 701
31 518
528 657
267 38
435 481
427 825
871 479
965 665
745 968
426 43
137 72
450 784
929 220
327 538
731 94
989 972
794 371
489 673
27 756
710 814
236 489
638 106
967 954
123 64
922 548
106 410
619 555
193 899
126 519
789 856
964 777
828 757
500 668
781 526
423 491
691 10
979 329
468 297
634 590
360 555
137 817
964 108
723 509
6 848
379 146
56 343
923 883
451 774
902 232
299 325
722 342
334 52
670 801
348 655
742 60
562 879
876 877
338 599
385 695
798 764
841 853
106 115
87 556
888 989
787 538
665 860
879 998
911 900
151 611
555 892
670 116
122 897
992 811
495 729
506 645
492 346
849 949
812 288
856 699
276 995
588 292
854 467
641 117
366 791
727 272
35 748
387 508
644 731
319 491
459 824
135 302
521 335
250 332
622 457
382 897
451 969
540 657
787 181
125 505
971 851
776 357
598 515
865 593
245 183
83 703
358 569
356 230
904 957
913 525
413 294
774 216
614 313
872 401
493 996
257 816
198 32
524 147
546 388
739 790
922 174
844 279
742 551
508 997
507 772
522 920
65 647
135 31
959 358
783 804
705 39
971 254
422 494
400 968
882 490
109 155
663 305
434 757
855 293
753 362
65 626
633 481
272 119
863 583
828 645
386 532
35 356
137 457
201 536
424 82
377 884
237 392
188 22
500 395
666 604
756 82
230 740
915 501
858 777
435 685
774 820
568 808
527 704
264 728
591 39
161 967
275 749
122 209
208 140
813 963
221 394
54 487
246 911
264 681
595 389
852 162
196 731
217 812
810 807
202 970
126 476
71 187
290 544
748 849
683 560
812 256
305 217
742 550
128 5
582 74
745 434
236 941
164 804
104 325
963 657
294 88
485 716
626 774
260 373
622 942
284 785
197 588
2 939
490 481
295 71
554 40
504 141
332 19
945 787
343 907
443 989
346 927
56 971
52 315
696 26
257 979
162 805
567 515
95 408
995 390
478 549
781 334
41 464
704 985
250 399
243 44
387 940
971 442
911 374
109 958
399 365
936 913
521 854
427 616
261 774
357 739
674 489
424 714
952 127
51 553
525 293
596 263
233 918
705 495
292 813
452 42
529 739
306 401
593 733
16 853
506 724
943 179
212 718
244 163
845 294
715 369
587 311
632 171
228 688
17 871
852 820
265 732
558 570
132 502
302 500
355 159
223 649
689 435
367 285
597 563
578 312
283 516
974 914
686 553
953 54
424 156
873 40
887 431
609 19
284 263
870 638
773 92
639 814
526 357
98 123
919 675
786 201
191 759
467 228
311 771
282 86
927 154
125 165
936 86
535 220
348 404
209 120
496 199
933 21
907 30
495 177
705 280
730 247
390 196
474 53
318 107
138 596
261 615
761 548
700 295
119 399
51 680
518 546
230 803
918 137
184 413
313 240
44 42
486 434
589 312
486 259
418 975
854 30
589 966
930 640
613 400
38 663
79 908
560 661
62 477
149 245
241 461
485 285
855 322
718 795
633 203
405 51
529 259
80 470
224 9
109 836
761 499
850 839
758 409
851 819
238 999
63 478
460 899
762 666
221 831
812 205
385 217
255 914
827 687
383 50
47 843
238 807
341 87
998 450
848 848
268 85
847 683
914 658
933 28
675 505
858 486
710 595
54 964
508 880
2 890
282 49
732 519
207 425
957 204
874 156
52 494
592 898
528 506
907 460
885 581
965 94
66 26
688 472
989 195
351 991
436 632
391 520
502 597
296 459
801 169
966 204
14 558
453 893
415 359
705 299
939 21
392 356
46 80
179 386
626 530
376 62
161 118
581 15
67 876
473 867
396 790
422 762
347 874
654 761
584 710
411 874
730 803
581 775
234 760
161 211
641 888
272 153
358 204
167 424
431 991
642 179
781 63
940 127
288 945
240 223
7 650
96 736
804 28
863 389
787 375
600 779
614 223
932 971
427 98
746 209
89 387
387 869
801 678
347 440
975 586
662 981
588 109
68 391
137 282
132 275
656 731
54 270
305 337
592 731
434 690
292 522
76 678
742 229
708 89
668 682
674 682
14 613
790 81
356 278
363 487
905 370
569 310
991 873
646 935
956 79
624 247
953 699
276 694
279 983
134 947
16 160
980 381
772 121
814 127
399 176
965 655
897 885
964 888
758 961
174 65
391 797
663 343
847 290
389 126
625 874
424 640
33 403
21 157
523 834
283 273
361 600
927 609
484 242
848 593
202 21
657 945
817 671
639 664
961 379
141 937
253 564
576 637
966 948
793 840
133 428
113 845
27 391
806 510
633 653
455 186
674 111
130 490
134 769
505 446
147 645
382 399
208 309
36 525
609 180
717 93
607 181
938 633
571 743
495 555
395 949
741 420
411 222
262 896
990 766
341 489
763 722
239 322
383 626
199 991
806 915
83 764
95 372
397 665
114 243
572 861
191 312
632 953
885 893
849 227
11 189
715 773
263 953
446 997
931 644
987 88
910 421
851 4
793 247
21 258
841 592
470 383
255 102
336 139
346 536
365 356
76 431
480 690
736 926
686 666
921 24
753 831
445 603
186 589
202 558
846 394
501 316
777 755
769 464
246 114
999 962
470 74
393 301
116 480
578 801
497 499
825 249
681 621
203 218
209 756
776 54
150 276
721 278
383 489
741 628
955 739
941 776
164 685
76 279
164 654
432 660
504 608
260 184
228 815
401 436
922 528
841 71
804 914
700 538
754 440
165 708
530 457
483 694
142 911
324 657
564 107
317 67
714 928
602 293
94 354
728 16
234 921
438 37
186 138
926 939
577 90
999 107
898 833
152 39
743 827
696 658
934 364
76 999
643 677
292 737
383 371
752 616
291 541
4 828
678 929
119 607
370 117
65 267
949 568
306 44
394 353
701 679
68 777
678 710
805 969
446 187
339 549
802 982
90 157
161 119
85 279
725 454
395 141
721 696
708 378
91 102
82 791
132 149
919 809
210 76
129 8
262 468
556 416
801 997
572 961
116 9
240 192
462 986
333 534
33 40
263 123
493 344
266 625
844 184
785 54
259 914
413 873
733 968
640 533
317 211
845 784
219 84
975 33
422 659
566 454
51 829
577 895
524 194
519 720
729 656
125 340
569 537
212 301
504 203
185 172
765 29
955 984
465 282
368 886
940 285
691 342
465 619
237 989
812 755
60 541
762 184
880 330
720 443
630 575
645 166
747 761
195 53
744 659
334 463
896 274
748 586
967 212
557 203
552 368
310 611
260 71
146 491
401 865
285 382
792 281
548 538
42 742
590 137
752 276
600 999
901 699
936 867
910 492
70 814
860 379
776 471
449 922
962 201
786 246
583 577
527 482
466 568
575 408
704 326
683 655
676 583
353 611
801 263
103 870
428 314
600 203
784 401
124 745
601 262
343 535
190 869
16 8
788 590
415 491
267 449
146 942
383 498
553 183
112 7
405 891
320 4
94 455
404 569
200 357
182 894
891 372
762 907
731 549
848 145
391 115
945 888
56 679
738 960
861 849
966 617
740 637
973 185
92 376
105 643
732 287
536 975
10 649
881 740
549 728
236 939
842 532
179 250
210 916
209 422
116 527
39 207
163 11
391 606
738 496
248 822
134 135
796 143
783 676
234 331
755 469
622 949
1000 800
198 561
715 758
982 830
636 372
37 151
382 779
756 472
626 356
293 759
842 88
253 977
115 838
659 869
306 280
169 657
431 718
569 145
828 551
327 463
922 715
613 656
845 721
127 823
428 771
933 269
858 186
597 324
23 256
544 681
535 713
689 966
430 258
462 257
160 140
72 81
206 36
88 51
756 566
873 535
336 805
156 545
342 752
868 717
7 764
749 894
476 437
211 257
46 24
866 205
164 937
286 369
972 725
771 80
291 995
614 978
152 121
523 493
225 742
561 583
505 309
476 332
746 38
589 143
62 806
348 577
742 985
297 713
709 68
144 351
62 110
329 565
230 203
58 454
296 618
37 153
279 864
484 376
902 424
518 315
229 865
891 322
201 187
35 910
606 178
612 20
287 940
584 869
494 641
674 790
611 62
942 889
278 425
264 531
201 133
845 781
998 735
103 198
273 489
459 879
666 71
898 305
362 481
525 856
474 198
645 436
260 586
676 537
362 291
67 914
423 263
695 420
349 149
970 621
637 780
851 654
850 100
310 564
933 834
419 406
32 415
193 643
1000 868
531 713
158 949
627 580
211 673
352 911
821 673
531 457
452 734
462 654
833 772
217 765
605 635
522 988
49 714
982 400
933 864
112 90
164 90
670 726
114 373
636 934
45 519
742 496
252 204
149 436
327 365
553 283
351 74
271 751
140 604
502 72
820 966
162 983
55 183
709 169
555 344
454 599
862 548
446 465
103 595
901 429
311 453
711 14
878 333
764 17
289 618
89 108
583 602
90 637
784 798
157 690
142 963
640 355
510 85
820 612
679 72
392 342
524 454
355 401
787 470
770 427
87 858
534 669
811 623
658 946
773 814
635 266
128 274
620 637
710 791
600 389
862 991
82 385
445 436
138 583
905 907
9 992
116 894
660 278
868 669
223 640
483 209
905 962
834 877
599 543
667 198
283 529
541 364
265 337
799 402
271 56
660 279
47 127
524 58
404 391
727 978
31 561
186 287
522 19
163 472
562 182
22 196
710 562
560 326
250 710
80 520
765 739
150 163
218 673
221 621
63 299
599 445
211 136
732 84
155 246
556 68
427 577
263 488
490 174
814 739
884 893
258 648
983 407
163 200
79 735
173 141
33 123
938 595
258 669
678 764
914 233
183 693
809 798
180 650
971 345
388 206
589 997
206 572
403 368
123 833
102 295
326 486
769 263
80 379
283 109
142 548
342 677
240 502
474 772
152 796
116 891
2 705
888 207
628 642
926 750
827 27
397 152
864 517
766 295
895 48
403 37
595 96
713 187
598 538
958 101
333 73
343 334
129 230
892 756
224 817
858 50
195 254
553 58
770 670
352 17
717 107
405 663
202 117
849 151
6 158
251 338
583 594
672 711
175 915
819 750
732 676
799 926
281 703
984 402
372 687
770 440
793 174
455 347
642 655
497 647
813 100
985 395
45 8
457 571
922 627
321 653
654 471
579 934
174 914
688 897
952 809
689 97
983 143
443 624
797 291
271 609
390 255
355 786
614 812
357 535
438 677
540 92
499 470
377 672
735 416
921 686
225 609
782 559
751 576
182 899
867 452
508 608
58 214
394 23
25 750
558 815
778 449
258 276
918 986
300 4
754 572
689 330
180 823
888 282
750 69
180 616
873 39
576 930
253 969
953 629
70 862
795 199
662 404
474 579
742 125
582 495
696 622
824 227
444 63
508 546
131 40
161 355
430 88
285 34
408 589
15 477
802 161
27 463
565 501
393 658
977 326
152 673
947 327
899 743
741 759
288 223
150 800
578 579
888 214
965 647
802 979
124 955
491 150
769 407
2 161
64 979
838 567
245 253
878 985
363 517
208 512
669 785
443 908
998 759
554 151
737 29
105 579
179 225
986 532
385 49
862 222
968 864
357 212
469 587
197 831
455 404
695 123
188 137
30 537
895 936
687 983
964 143
913 142
367 898
26 103
299 887
676 266
103 384
477 923
970 673
753 777
428 447
899 615
935 281
503 181
216 189
515 179
683 428
673 49
677 50
151 975
936 178
240 390
562 69
312 883
741 417
659 521
215 910
487 150
190 990
682 757
178 197
935 861
976 959
261 652
8 764
979 296
941 218
37 854
638 701
737 731
117 747
251 331
656 737
832 197
726 866
953 256
414 240
468 389
198 728
392 558
843 370
205 136
940 241
989 577
941 77
307 409
824 909
92 831
646 275
28 723
140 980
978 553
571 797
293 769
525 685
678 719
406 882
854 345
474 195
274 767
271 580
175 446
489 266
277 486
541 656
208 32
987 186
937 558
334 229
678 210
265 355
929 23
588 782
367 61
328 640
179 599
572 354
396 412
971 672
897 863
679 104
895 666
641 831
223 975
411 252
184 28
958 464
50 545
598 768
957 925
760 136
523 331
841 919
94 811
942 990
26 621
445 920
638 86
102 212
412 864
463 947
243 420
411 292
316 8
412 624
932 171
111 807
853 951
77 946
114 18
935 139
990 731
410 979
168 863
190 579
78 4
526 321
423 288
964 90
295 375
714 578
897 824
384 749
127 812
46 240
182 332
730 523
63 491
502 230
705 691
161 782
47 38
454 469
325 418
911 971
144 624
548 41
799 284
141 925
95 187
516 628
870 245
151 932
87 652
514 791
694 674
925 740
711 378
561 387
147 471
357 291
446 256
683 244
891 175
169 338
713 684
965 583
281 115
866 367
766 379
510 460
52 434
551 762
163 111
500 310
933 856
952 378
464 986
622 354
160 142
691 225
177 656
807 457
770 672
176 536
51 685
347 454
470 249
568 632
360 67
293 644
275 244
22 738
229 995
91 741
136 782
965 664
437 123
121 558
146 648
93 548
332 791
2 801
40 921
784 751
987 77
394 261
320 767
998 901
761 441
993 248
222 309
912 10
431 384
567 928
31 12
476 362
802 829
514 193
749 297
295 87
725 689
700 45
455 49
297 568
489 289
815 710
597 78
719 379
461 638
306 491
649 133
204 802
961 717
347 61
366 641
500 90
681 199
486 488
247 782
55 88
422 221
149 18
299 220
748 111
857 406
602 505
538 805
658 851
874 4
911 591
645 410
680 325
960 166
164 559
299 218
646 721
791 794
90 441
365 190
551 221
595 152
77 132
309 735
982 534
738 245
124 382
6 803
59 966
320 222
876 971
792 873
43 934
18 484
374 383
673 924
603 267
428 680
751 88
414 84
621 151
328 744
885 334
898 295
651 570
868 878
540 11
750 582
944 767
65 669
149 90
945 104
708 724
783 458
811 548
542 431
50 221
526 286
554 775
580 556
344 800
433 883
162 182
816 106
301 233
126 801
322 70
904 29
793 38
839 955
585 732
737 987
952 614
272 858
389 204
413 732
355 198
967 516
379 134
973 31
366 99
832 39
520 87
420 665
125 258
619 61
989 356
47 292
969 671
149 709
226 562
441 580
111 759
447 841
892 420
872 258
870 55
296 389
141 67
53 265
324 24
678 664
731 76
308 51
98 456
760 323
369 552
254 479
310 701
320 201
472 191
458 341
245 106
81 737
172 486
2 848
509 31
863 591
106 170
641 204
626 752
526 346
303 132
825 612
184 144
813 655
686 622
347 282
727 779
18 251
264 371
450 124
401 312
714 507
834 707
62 811
458 939
156 761
70 332
372 253
475 536
259 512
158 957
793 236
736 163
838 351
533 287
475 934
951 540
792 784
246 853
946 56
791 101
816 213
433 539
817 259
75 76
771 584
384 915
819 471
77 657
822 962
295 648
895 245
539 38
380 137
890 325
192 32
426 7
244 210
545 61
820 971
488 942
554 871
857 725
694 285
381 867
246 27
514 492
272 404
529 651
540 770
328 731
154 105
89 397
314 986
457 133
956 296
427 862
167 283
586 212
919 318
78 165
344 943
8 967
346 889
618 886
10 297
616 163
401 57
560 66
42 368
550 997
664 976
210 182
610 795
393 529
112 470
45 808
412 52
774 109
292 743
994 302
39 962
464 439
18 375
856 59
743 406
407 758
381 617
939 991
763 683
871 875
152 915
682 915
966 455
23 610
198 369
911 588
330 726
379 699
101 234
109 195
639 515
952 372
483 242
714 246
924 936
120 427
850 153
693 167
959 715
776 508
435 686
96 116
764 826
814 864
59 922
58 50
789 361
773 271
602 838
516 877
773 987
303 622
491 995
140 450
61 916
309 848
953 756
963 716
581 777
931 992
50 340
41 838
700 165
109 653
2 976
529 774
963 183
747 805
529 886
606 942
801 915
789 106
22 751
173 955
879 104
946 929
443 338
766 495
502 226
147 503
554 28
628 868
562 374
672 91
259 278
384 412
544 172
869 565
274 41
519 153
144 816
433 939
153 550
433 654
776 579
508 329
958 135
196 520
508 219
962 119
496 345
530 39
868 398
956 141
790 474
293 934
642 725
872 794
275 304
800 402
234 307
82 544
442 629
63 949
847 376
419 695
72 948
733 939
697 40
79 839
866 724
772 507
800 995
300 426
650 99
179 235
406 612
778 199
499 439
567 918
133 990
217 217
928 266
257 359
104 122
434 875
628 585
221 279
11 870
730 541
104 135
153 882
685 392
425 183
182 344
100 314
333 317
883 261
934 491
971 37
612 404
263 591
988 483
869 350
704 598
891 807
84 43
40 768
786 465
303 968
808 402
633 492
70 515
752 3
5 74
391 968
477 653
558 817
135 779
166 838
728 408
997 164
450 388
283 588
204 585
555 363
339 187
855 760
54 958
115 58
32 505
378 508
158 935
324 644
65 842
834 145
249 182
660 51
569 942
638 773
879 544
487 569
730 341
680 135
299 794
193 330
189 808
856 865
803 273
706 988
769 306
169 428
708 738
721 697
862 951
240 700
519 322
41 199
456 691
344 1000
20 994
569 560
153 777
424 956
401 481
943 169
787 464
948 846
553 668
543 766
619 782
465 489
103 857
39 559
547 383
558 918
376 479
478 529
607 901
836 7
382 130
527 520
945 826
365 497
493 907
262 463
689 727
952 143
583 990
701 482
724 611
399 100
441 876
980 47
777 167
405 158
648 283
29 593
108 393
89 952
300 703
415 340
781 718
482 715
59 535
196 783
145 595
234 585
470 213
983 598
731 387
107 378
21 135
970 128
528 411
79 179
113 493
518 893
562 351
607 621
885 803
403 29
749 636
965 570
200 947
168 930
685 274
659 705
761 629
832 640
39 263
818 503
755 687
395 669
37 353
289 922
155 691
302 255
678 619
825 877
565 992
158 602
617 816
306 377
796 490
16 186
752 185
688 858
223 434
526 260
787 814
533 293
856 186
548 533
804 372
761 369
363 270
970 331
86 627
708 233
116 75
419 867
612 458
725 834
892 250
445 678
64 977
322 271
163 869
804 318
240 916
38 954
186 359
637 623
986 696
855 101
770 625
320 733
83 44
567 974
645 363
3 60
340 676
331 854
545 486
171 136
401 561
90 586
919 726
208 904
421 415
357 542
39 676
627 473
71 545
798 715
907 800
775 598
476 457
451 372
942 974
507 342
534 948
280 452
25 839
708 797
253 64
691 644
739 317
116 809
861 914
875 767
65 1
365 892
457 167
263 750
492 122
444 377
69 723
181 94
561 888
242 166
951 932
809 41
600 276
201 460
189 75
579 254
76 295
497 884
461 760
634 305
881 77
681 301
151 861
394 63
748 988
228 50
919 388
442 519
16 642
330 204
69 260
809 496
554 306
379 367
417 364
671 297
792 351
597 942
564 343
5 663
682 584
65 600
324 506
470 339
148 152
894 568
411 55
63 965
360 793
683 128
157 353
776 300
55 372
594 618
66 598
633 747
533 697
699 208
202 520
546 701
671 792
268 434
846 682
398 557
475 80
684 983
784 459
634 838
182 227
808 600
176 440
698 709
488 396
268 689
268 166
742 938
957 361
723 154
395 472
710 869
551 745
203 686
555 836
876 88
415 683
687 590
474 737
650 961
132 918
1 751
83 742
689 39
455 411
192 849
883 253
69 785
349 623
823 903
458 698
990 224
732 29
814 557
765 463
517 248
380 869
999 814
963 39
852 417
801 395
617 35
999 685
172 347
307 994
249 116
43 591
340 774
619 505
330 735
967 198
982 699
66 332
512 28
370 716
796 171
462 412
205 461
96 728
159 402
721 760
870 763
350 209
888 320
65 217
54 31
414 387
81 832
71 945
859 440
12 655
962 473
66 519
285 514
246 796
267 967
555 136
81 904
696 969
223 760
537 628
143 951
366 223
134 436
519 992
228 530
998 189
355 416
707 639
929 305
434 195
623 988
683 703
243 730
23 817
490 560
796 984
862 162
206 995
949 77
338 176
606 336
365 960
751 423
951 31
727 736
577 701
724 259
756 318
989 778
135 830
689 930
813 902
443 370
248 392
446 586
567 52
273 283
363 375
706 313
757 784
49 333
837 124
592 592
441 932
721 927
761 410
857 925
663 651
294 911
42 92
848 961
143 472
243 505
846 300
170 602
436 218
934 272
341 877
863 781
160 583
708 272
344 916
196 359
918 490
269 960
581 116
920 75
939 514
931 784
814 100
737 249
317 22
872 9
251 734
790 410
668 849
682 364
116 877
722 33
718 990
344 650
457 615
76 395
129 7
530 294
458 266
894 775
639 765
783 889
850 924
651 517
124 332
880 591
560 953
624 630
942 319
279 750
934 707
496 414
713 25
707 522
642 952
296 633
716 431
521 565
706 171
433 830
854 665
420 414
617 395
43 911
714 673
660 999
731 508
412 795
884 470
317 526
421 964
510 488
394 30
404 452
553 836
633 406
500 404
171 469
799 565
379 864
238 38
214 968
897 625
115 781
446 431
658 866
394 167
353 140
548 108
591 100
943 223
506 795
978 28
263 128
593 641
991 182
30 556
501 927
180 615
59 625
45 716
842 439
882 546
578 429
653 520
881 948
94 738
94 71
765 356
199 357
348 541
538 729
97 39
7 628
5 65
605 50
132 446
840 13
344 769
794 996
288 674
295 381
411 388
803 175
95 1
884 442
894 421
523 990
811 881
946 221
217 429
19 56
442 362
824 587
709 463
612 4
843 374
391 997
900 838
350 783
279 243
556 153
232 718
34 200
533 331
773 101
759 143
156 552
504 979
138 564
441 101
919 635
474 662
984 374
499 333
156 129
575 63
282 158
781 315
709 665
997 481
766 755
975 921
307 830
252 796
394 44
249 312
31 722
973 14
95 471
346 603
600 272
665 233
429 445
899 137
462 895
970 227
1 944
499 659
774 102
455 519
146 703
830 528
776 155
541 871
977 238
825 576
509 489
160 289
286 58
777 747
304 746
325 305
42 823
963 167
925 769
685 422
471 866
949 599
372 841
821 349
430 645
276 290
485 436
578 122
493 354
868 797
452 544
101 493
367 415
11 643
184 695
416 6
912 716
604 284
908 424
632 337
420 907
978 905
342 907
26 187
612 246
335 63
789 787
907 507
201 917
501 736
963 916
742 875
631 697
158 538
121 789
226 540
47 203
796 741
109 822
279 721
419 613
135 207
751 42
66 303
310 566
39 273
482 132
147 464
828 656
2 300
796 579
840 842
134 987
934 594
808 212
666 226
176 801
785 926
194 850
581 855
415 619
127 248
750 625
712 577
280 65
877 75
643 68
269 128
54 202
722 214
766 739
791 941
891 927
219 436
776 799
291 543
769 417
790 518
42 501
446 673
917 674
748 912
93 16
39 499
569 112
712 334
851 854
627 741
133 845
177 260
995 819
802 763
235 944
280 628
796 77
301 713
751 400
624 843
767 14
693 335
126 756
21 328
610 647
420 742
843 948
1 837
766 155
599 1
98 878
980 893
957 56
31 580
251 797
594 943
132 71
699 504
398 660
150 169
753 992
117 105
828 882
611 778
234 708
655 566
953 312
845 909
720 876
841 322
24 786
264 507
208 314
10 957
325 511
125 429
854 241
886 681
475 496
458 60
556 464
625 508
776 470
768 847
697 960
168 72
97 783
579 304
449 588
612 773
99 737
554 952
329 439
985 803
934 794
863 489
610 487
348 737
308 468
583 356
779 750
428 228
532 6
531 980
945 495
105 43
231 658
347 559
96 331
714 381
476 576
222 85
414 921
821 74
388 403
429 519
152 208
746 36
213 628
15 510
122 119
552 704
128 898
615 575
580 328
956 56
255 529
140 20
449 313
93 189
715 874
707 219
81 804
606 646
431 620
155 905
91 58
608 570
956 222
145 887
901 452
294 155
980 786
175 428
98 267
968 164
140 674
734 573
829 339
218 260
959 724
516 401
781 123
970 736
697 466
975 597
917 268
104 896
53 630
676 502
248 643
666 740
669 399
312 497
738 881
108 48
604 623
800 384
98 769
472 146
235 446
94 503
65 197
399 470
826 74
971 74
716 636
813 384
387 476
233 124
356 340
523 959
963 322
342 60
90 813
557 676
610 650
179 675
847 929
496 24
354 466
449 69
454 613
805 840
88 37
315 443
728 837
753 690
158 95
101 599
259 657
627 869
307 157
895 505
85 390
528 438
207 329
858 660
941 14
851 29
402 165
823 130
353 576
819 510
22 272
461 280
280 87
500 586
243 746
442 679
487 322
468 694
650 325
705 590
691 556
970 92
72 793
221 425
720 392
286 741
663 746
20 942
184 872
880 778
617 673
456 104
994 923
149 643
600 853
585 290
760 554
733 832
346 954
256 65
697 893
157 359
639 177
652 822
48 883
600 16
556 407
471 549
682 619
544 633
824 128
274 583
681 6
311 373
795 7
266 952
365 904
480 369
77 879
603 28
894 158
787 717
59 468
335 954
452 158
81 725
93 113
730 858
843 41
47 848
293 764
103 124
484 531
2 86
559 247
596 345
963 6
164 650
959 615
159 391
339 603
855 420
813 50
812 395
39 859
594 683
974 696
806 457
578 159
894 136
757 489
832 72
846 347
73 804
313 231
546 3
834 401
423 646
450 234
392 840
444 985
874 417
32 679
189 119
97 297
959 280
720 805
627 792
960 291
375 506
294 560
258 68
557 59
301 948
250 97
932 123
865 963
153 90
923 341
560 19
989 870
299 709
26 277
852 986
567 226
843 860
785 100
927 341
510 580
288 759
676 571
881 892
885 33
333 808
725 244
826 713
114 124
773 139
476 319
850 318
530 987
769 809
327 278
388 967
36 415
537 268
658 422
300 991
229 376
234 406
441 347
882 213
838 633
189 313
303 391
631 833
377 751
993 55
29 732
21 416
146 910
684 155
331 335
145 911
711 731
668 151
77 549
363 266
182 904
579 836
294 561
20 670
311 12
76 691
743 97
107 240
6 142
395 688
476 891
598 186
621 265
336 50
166 51
315 699
954 245
534 599
157 554
620 820
917 695
510 12
791 968
251 148
109 997
835 937
888 784
122 860
401 810
909 566
860 576
264 165
820 149
763 329
54 382
148 971
428 9
334 219
329 584
718 789
933 553
725 820
688 847
679 88
8 940
5 867
515 620
383 686
769 497
14 174
230 513
496 657
874 829
227 202
765 945
990 697
849 67
516 536
265 546
976 272
837 980
490 703
600 872
389 720
720 754
893 949
619 389
957 492
569 184
693 333
480 34
29 680
100 896
215 364
794 190
987 630
522 476
333 121
699 73
840 418
826 84
718 796
824 675
287 393
210 331
725 41
717 754
720 168
1 934
884 794
476 870
424 997
346 756
469 396
180 308
166 5
391 883
801 215
557 439
959 118
770 683
158 838
788 877
5 789
163 888
582 638
758 5
986 455
112 454
850 643
113 15
648 855
250 800
69 158
590 27
276 359
62 785
196 849
662 201
989 824
440 571
813 197
927 150
651 391
603 853
33 715
219 32
569 820
183 990
978 773
368 605
131 781
389 679
982 50
231 970
225 670
540 389
219 819
538 221
209 492
425 593
206 996
625 127
815 807
468 792
579 187
396 62
968 785
92 301
186 674
270 411
695 162
799 913
332 689
486 540
180 910
484 738
905 108
216 720
267 683
863 197
221 259
610 540
395 701
840 580
726 110
342 421
623 141
685 954
181 522
845 360
784 328
97 688
788 312
759 406
346 974
602 567
584 564
458 978
264 298
909 342
759 251
114 381
743 798
686 923
672 530
282 455
209 731
494 348
42 605
753 388
578 707
306 161
270 763
490 885
412 398
578 170
648 691
902 742
841 587
664 512
468 298
966 29
28 459
376 421
63 481
160 992
187 465
152 808
580 641
44 991
391 622
513 390
312 414
132 152
353 147
663 172
796 980
200 823
791 576
596 205
408 755
197 594
572 700
753 151
341 796
493 83
769 5
472 81
771 603
584 123
102 599
294 897
578 494
72 720
421 667
925 828
773 121
773 344
820 877
846 512
24 691
594 793
695 418
873 817
20 456
939 473
406 585
370 984
430 793
703 850
459 979
29 583
451 153
927 623
29 124
486 52
814 432
844 861
849 68
677 220
876 968
693 281
552 414
616 981
206 671
182 16
649 210
950 452
362 228
74 742
793 517
342 989
729 190
408 758
410 283
77 454
916 980
867 531
960 424
201 493
791 202
54 740
653 767
968 78
508 671
988 652
539 330
640 620
519 48
377 280
682 453
85 597
432 303
128 743
726 680
587 868
881 640
960 533
406 279
610 265
949 950
916 839
279 556
458 149
955 834
781 988
638 865
585 421
168 64
515 245
743 453
113 624
92 72
508 849
702 470
113 650
419 29
840 697
936 298
197 242
483 977
229 473
842 813
893 9
876 760
605 971
212 717
594 656
140 101
504 841
570 617
842 988
997 34
36 932
331 585
173 813
561 753
285 754
918 530
114 793
641 719
763 852
787 708
859 927
809 363
119 730
331 313
70 327
346 457
258 28
41 782
840 954
534 477
707 451
358 173
596 998
891 710
201 677
770 60
955 930
422 426
659 752
90 80
430 435
537 687
814 929
820 653
882 705
481 941
508 190
113 455
187 3
516 740
31 285
799 986
214 572
763 225
675 852
304 104
638 192
142 451
121 961
455 354
665 288
294 524
477 406
978 664
760 494
403 791
778 553
128 344
476 890
568 150
93 223
605 730
767 746
532 239
58 986
592 74
273 886
598 750
643 575
765 403
68 519
193 198
423 672
541 898
561 460
47 5
682 3
86 448
748 617
38 805
954 630
878 579
867 827
680 509
402 796
263 821
314 455
18 736
478 910
985 390
369 383
394 403
385 479
202 132
447 240
288 753
869 517
331 87
344 362
595 745
157 858
917 822
664 287
909 142
196 893
531 917
627 277
319 11
107 872
494 554
111 781
306 331
297 988
417 640
701 364
736 209
573 653
382 588
939 290
729 486
534 612
402 160
888 72
522 994
944 15
899 406
795 556
89 443
895 857
435 595
572 170
155 144
174 536
732 464
177 812
950 62
423 703
221 662
127 94
8 70
108 906
827 254
814 267
49 708
476 483
655 47
4 809
543 178
697 626
641 873
437 942
935 212
645 507
225 123
601 232
544 60
490 370
666 303
989 714
362 464
196 368
862 199
529 404
728 225
29 721
97 466
662 383
29 658
890 253
780 842
837 323
901 326
45 918
980 385
631 693
848 178
61 709
729 589
465 456
813 493
528 261
310 190
644 690
199 533
943 331
726 779
5 626
456 401
896 787
785 526
479 632
56 891
693 784
479 509
591 643
1 471
256 663
660 899
352 210
783 646
892 508
776 897
485 583
297 380
369 82
258 200
65 313
90 109
448 921
617 390
915 970
860 170
984 871
68 335
81 202
333 972
709 108
220 194
691 517
573 59
950 830
610 366
494 52
475 941
324 443
331 238
412 190
760 395
61 827
82 493
29 414
816 89
873 388
282 563
256 207
974 205
36 583
570 530
986 396
822 309
839 152
547 602
694 306
349 106
484 430
598 864
195 765
953 67
152 586
630 407
792 955
963 180
537 885
709 523
632 530
183 470
34 729
424 79
386 772
184 870
553 133
85 747
897 37
813 401
975 794
159 766
748 474
945 637
710 5
511 341
887 693
811 920
774 234
998 159
357 533
380 909
665 465
655 913
853 819
665 179
965 176
945 64
649 889
700 358
246 562
698 132
255 860
403 380
445 752
538 801
284 270
709 948
86 715
212 290
886 877
469 850
52 413
913 52
653 965
409 898
526 458
381 132
318 783
511 762
534 401
915 817
670 975
116 755
42 328
396 927
556 864
776 959
628 40
10 633
356 418
530 882
875 263
365 544
45 876
658 579
628 572
747 297
898 863
403 939
542 150
865 97
14 992
55 993
384 64
625 739
833 507
972 59
769 337
603 813
564 260
743 191
183 490
839 80
352 593
19 893
742 235
341 107
579 747
100 962
810 76
700 994
582 24
52 702
360 6
515 275
265 609
465 799
98 655
879 801
599 249
45 340
483 385
799 61
131 250
374 292
325 426
637 907
449 689
960 160
694 826
434 311
435 250
109 532
904 339
685 502
587 729
193 422
114 991
834 596
240 560
240 917
985 876
175 785
564 134
944 610
960 377
272 394
978 732
277 881
423 961
734 361
42 278
782 507
621 968
527 693
128 863
569 302
647 484
445 747
318 716
492 295
800 768
527 222
81 612
582 474
889 716
980 861
683 433
73 561
126 552
423 694
854 69
529 641
658 974
739 327
41 230
621 840
349 147
413 781
110 995
254 998
62 233
211 744
18 283
304 143
834 78
188 39
146 716
31 155
41 769
833 82
350 453
921 699
951 686
479 60
680 85
409 93
317 619
836 334
253 491
828 439
920 367
477 65
435 508
571 475
628 403
556 978
207 829
28 157
514 858
568 545
942 328
637 611
299 824
296 551
666 124
989 585
842 818
1 276
677 571
751 304
325 658
633 531
486 12
39 351
870 606
895 163
285 883
773 583
706 69
134 371
544 474
955 385
291 955
13 967
877 115
623 201
772 255
731 610
619 769
960 488
726 207
2 11
89 775
593 147
195 78
517 738
552 824
474 194
130 838
161 359
952 783
559 724
389 642
333 7
762 644
846 488
850 848
850 291
974 442
437 168
872 305
257 423
480 82
968 962
920 128
320 871
262 230
594 651
223 278
9 985
274 207
824 475
406 673
765 379
466 553
898 337
210 154
111 689
235 79
2 154
206 673
377 820
903 322
822 477
952 182
813 225
388 636
699 145
308 816
875 774
720 772
462 929
277 573
970 864
651 971
369 208
644 745
27 898
67 200
726 18
382 539
594 121
174 644
266 834
811 140
959 531
264 420
811 540
992 780
755 642
202 98
220 580
347 638
780 72
655 161
610 600
281 136
244 546
969 54
38 927
584 301
346 395
192 338
526 947
331 628
422 884
77 641
464 423
495 285
755 456
885 35
591 128
933 559
533 322
837 117
622 183
863 165
872 740
463 554
720 884
438 796
877 901
219 507
495 65
791 249
520 27
635 463
506 919
21 39
592 210
507 213
744 721
730 615
460 192
168 179
76 957
975 304
857 545
810 703
609 952
303 480
979 290
942 836
560 315
874 152
524 732
716 267
452 445
881 264
637 400
442 64
357 768
367 565
312 528
620 272
479 922
752 809
211 693
645 123
7 870
274 530
602 989
148 405
434 380
668 422
780 462
485 488
229 203
404 893
730 23
164 560
297 915
369 859
608 365
981 966
234 254
496 835
243 995
240 28
375 259
449 154
720 285
993 949
839 396
193 568
771 356
479 419
623 199
277 230
563 610
547 797
215 42
631 457
37 222
836 763
481 284
916 552
920 260
852 758
7 44
677 129
400 156
547 374
354 176
603 917
785 501
713 999
543 695
808 931
269 643
693 101
279 960
652 550
571 504
308 577
547 984
706 298
491 252
671 197
779 625
113 563
126 177
914 20
223 73
302 491
67 346
591 697
657 595
247 227
98 554
155 996
889 860
646 380
464 668
576 242
645 40
157 122
568 422
493 790
494 146
633 560
843 575
257 499
169 503
77 618
408 231
966 296
443 611
27 906
630 954
499 626
345 7
99 912
428 591
54 273
736 686
833 930
260 441
428 781
295 504
398 702
87 363
349 529
325 728
786 307
33 284
932 730
643 31
993 70
973 46
343 61
83 527
990 695
967 418
475 613
273 872
314 359
587 14
239 911
93 24
217 126
308 149
855 950
531 199
371 503
245 65
915 679
591 905
373 909
674 847
521 946
71 186
657 657
552 895
919 644
919 136
769 578
636 975
879 518
174 601
372 770
666 287
448 608
191 173
517 864
371 389
161 793
575 817
449 478
64 720
121 334
855 242
263 842
568 493
359 93
93 730
862 758
16 662
366 558
186 234
421 556
974 934
349 900
102 149
377 165
868 498
850 74
739 112
915 306
604 625
399 49
707 612
806 722
625 523
632 810
108 52
718 82
337 418
981 439
918 358
955 138
207 805
211 945
268 478
602 224
102 352
272 160
316 429
882 940
304 513
102 411
916 819
844 253
588 825
43 505
534 997
642 740
153 205
36 421
34 637
996 135
341 267
647 656
47 528
947 350
392 48
113 659
218 956
263 805
780 305
662 665
654 655
404 806
859 439
578 892
428 573
379 120
191 25
775 238
904 73
587 647
121 699
657 690
655 920
847 786
576 508
451 581
162 206
387 373
997 964
264 424
537 994
895 727
370 669
316 273
741 255
271 213
953 928
255 959
199 101
97 774
608 899
707 121
104 93
493 100
408 109
875 296
454 769
375 824
789 690
448 882
944 719
446 249
646 700
559 844
800 655
969 759
553 675
232 9
119 76
460 527
536 335
174 990
455 548
165 244
238 612
477 533
330 922
781 975
622 340
170 773
346 139
884 251
165 115
259 284
542 718
162 78
404 687
67 859
235 231
454 824
842 930
356 524
851 489
498 824
180 668
597 525
158 480
127 674
946 737
957 487
807 470
916 210
157 982
420 743
564 225
566 758
154 273
633 357
761 130
180 292
149 128
169 658
959 295
332 904
32 640
743 838
462 658
399 970
992 171
712 907
395 629
16 549
901 648
905 14
130 436
305 278
564 473
288 522
120 619
778 151
610 872
340 71
881 90
40 872
260 103
131 655
731 146
555 984
794 459
997 923
246 301
552 809
126 839
683 245
809 812
747 419
35 86
841 915
527 233
139 787
335 269
793 418
414 347
401 207
157 749
481 402
401 33
563 526
223 597
122 32
760 868
802 794
305 994
60 184
226 198
970 913
466 762
682 880
108 434
438 264
182 919
17 582
303 579
460 525
527 933
556 286
153 709
79 809
703 139
992 280
688 961
544 154
74 225
385 533
658 174
148 191
92 165
125 746
95 584
271 622
868 178
907 20
887 338
829 941
828 820
572 515
133 116
20 206
692 404
739 350
578 886
892 21
402 16
767 497
951 389
118 819
566 376
838 804
713 18
96 892
838 668
407 970
783 426
527 474
182 617
175 111
855 419
483 256
434 601
752 737
989 221
555 907
597 744
710 661
762 158
553 951
825 311
920 959
88 798
784 621
415 311
731 269
729 566
524 514
166 628
250 507
200 156
413 148
252 474
809 13
631 713
315 455
23 586
765 110
383 549
83 797
859 813
417 939
378 293
804 896
920 406
402 471
561 814
619 164
287 779
528 270
491 842
76 865
427 841
326 810
741 408
958 951
221 375
889 950
19 44
845 938
449 598
760 10
525 402
156 53
671 998
894 746
862 321
938 188
482 678
595 439
628 167
165 868
117 183
912 313
472 360
263 584
721 25
961 246
426 469
298 96
466 191
194 680
863 131
867 696
809 813
487 788
980 651
656 448
186 567
112 9
278 374
592 999
399 905
596 176
373 893
272 190
435 817
869 650
947 87
345 107
900 831
895 231
834 902
678 371
468 141
379 97
515 323
95 265
227 42
440 599
934 63
140 721
879 361
722 826
447 66
932 698
249 178
280 434
79 957
804 898
98 534
995 964
856 441
228 82
483 667
32 768
82 172
840 960
884 561
785 682
979 69
380 227
598 659
12 677
968 815
574 417
700 920
380 556
361 959
977 21
314 58
18 427
714 154
108 692
222 839
270 820
850 633
848 169
447 773
585 499
693 316
54 405
274 394
599 250
414 264
308 309
417 677
87 483
830 547
526 52
385 796
223 586
428 70
754 227
842 690
77 886
5 130
290 278
523 240
880 289
504 539
597 272
215 684
754 44
230 280
447 966
427 21
904 206
442 657
784 284
699 860
521 703
341 163
333 216
754 212
504 257
750 452
881 964
487 634
359 68
265 806
34 43
826 289
249 268
297 384
903 995
244 775
698 584
937 382
151 691
945 654
299 694
458 179
9 944
165 719
12 781
524 397
824 702
37 72
321 333
455 575
328 50
349 377
986 638
758 136
328 702
142 978
747 599
157 107
542 673
825 905
453 701
653 628
754 689
51 74
22 506
1000 701
907 700
77 892
337 834
380 16
887 521
994 633
119 502
91 12
174 915
269 978
967 273
606 720
962 656
145 335
513 144
387 420
844 463
663 180
648 42
548 886
914 541
518 32
42 960
396 567
874 664
544 841
936 149
912 249
157 57
935 669
200 321
440 395
135 455
927 782
848 474
667 762
14 536
793 55
495 188
973 721
203 516
913 491
17 824
739 173
880 26
193 432
346 633
826 833
439 752
614 286
225 633
47 238
168 840
644 15
379 616
87 582
484 999
424 500
822 162
24 54
539 216
485 237
200 310
69 638
62 682
924 638
314 322
228 834
161 871
200 892
839 286
825 674
284 248
173 457
510 300
763 346
536 315
656 956
952 69
637 227
706 303
549 933
488 61
156 687
304 346
324 128
19 607
727 543
415 488
90 925
139 204
622 26
518 277
981 822
345 969
48 403
623 948
335 110
361 490
148 664
835 471
144 205
429 870
747 844
709 836
120 847
40 741
872 909
18 204
730 714
173 130
116 795
77 803
905 789
644 404
453 479
875 948
683 303
817 782
146 526
617 617
724 8
358 948
917 727
