1000
884 673
616 148
864 133
678 759
243 196
757 184
677 179
397 477
780 831
641 559
796 817
776 444
883 859
606 460
491 662
885 727
687 500
874 902
984 903
12 226
99 768
762 775
946 510
603 726
340 595
636 135
764 763
578 998
621 183
457 111
197 341
837 235
840 63
136 823
965 147
401 63
267 514
189 212
23 144
289 363
90 276
497 853
38 427
851 658
961 307
121 509
1000 957
743 191
371 230
366 336
729 766
750 995
631 939
558 653
434 199
15 523
474 864
728 512
290 578
521 602
236 641
111 587
950 853
778 320
435 143
655 163
260 405
157 890
695 714
542 128
264 909
2 738
772 729
601 413
658 121
14 894
114 124
480 415
329 609
734 763
751 741
925 362
145 433
603 191
498 497
670 762
405 671
499 528
400 451
940 57
923 305
302 388
781 134
802 109
742 536
871 845
276 147
558 772
579 161
962 76
657 631
837 413
653 687
940 52
489 231
461 412
887 762
799 667
247 953
775 341
488 997
185 115
495 94
886 425
254 199
501 262
181 689
674 833
728 965
237 568
547 697
331 434
810 482
100 57
434 227
397 921
575 933
387 422
378 272
846 632
822 698
245 2
739 271
834 818
587 422
385 134
118 716
567 280
549 18
688 982
596 436
254 523
720 640
944 97
911 141
80 84
191 325
85 929
947 270
98 533
692 482
666 161
549 584
792 97
954 479
430 901
914 683
423 633
322 718
82 584
211 161
667 401
485 103
681 431
373 778
964 416
259 981
928 160
917 720
608 222
550 38
122 816
72 897
448 746
966 529
329 176
690 348
576 526
802 256
309 526
33 624
941 644
956 221
155 872
940 762
93 841
151 215
656 223
463 104
968 428
984 648
604 25
347 531
903 149
787 211
674 171
186 967
166 141
187 672
13 478
434 457
318 936
23 974
510 485
429 829
913 764
477 516
141 175
398 395
675 536
605 701
707 142
667 224
282 205
896 646
34 681
455 703
616 477
28 478
314 808
306 226
572 782
93 64
309 490
458 983
26 414
683 84
555 701
659 188
257 554
186 290
586 640
345 554
116 372
31 429
180 336
6 103
470 450
518 130
940 975
112 317
740 147
752 646
847 410
833 104
316 18
745 253
657 89
806 125
813 188
905 344
524 263
798 345
712 315
474 3
641 937
319 732
83 422
377 930
832 209
385 499
579 129
751 235
570 557
711 382
744 968
725 619
230 874
315 941
188 788
944 180
77 262
911 159
36 287
440 867
847 824
365 425
305 467
12 874
23 722
607 119
689 683
89 918
556 404
211 95
543 154
274 619
767 536
778 802
822 217
20 20
393 384
445 697
203 456
922 225
529 528
695 570
210 784
839 765
539 49
859 81
202 484
700 321
19 829
122 192
397 142
211 789
877 7
837 79
814 758
656 343
637 702
264 846
837 102
962 375
503 172
456 56
655 507
376 25
335 850
568 83
343 131
872 219
137 60
650 951
170 657
645 806
358 908
4 195
361 965
921 863
137 376
919 143
882 294
520 568
495 87
651 837
217 874
408 706
285 409
8 454
65 652
612 774
911 615
320 271
579 241
134 67
968 404
562 202
49 81
121 544
519 123
380 88
996 139
793 633
547 152
86 963
803 697
89 65
311 408
335 242
1000 820
660 320
223 573
521 272
5 993
167 524
116 898
963 463
37 107
95 935
258 181
898 60
229 986
124 892
745 810
485 97
630 144
416 204
717 288
827 721
280 993
596 395
243 558
858 279
664 304
213 921
484 462
332 65
447 807
956 192
969 440
288 950
935 55
153 3
342 332
76 621
676 23
368 918
581 577
548 596
880 761
869 716
222 552
780 21
359 87
564 679
878 203
628 812
257 132
167 598
463 242
570 139
264 937
56 196
865 604
144 745
716 12
460 289
563 591
661 273
677 224
303 906
426 930
69 682
62 235
631 524
828 201
14 444
489 70
991 354
25 134
450 92
497 909
732 412
499 393
36 527
616 339
432 394
268 500
427 681
87 58
205 914
610 570
709 450
639 700
155 15
185 604
458 682
512 190
93 362
934 128
240 549
466 23
294 86
875 721
766 961
130 322
226 91
892 287
892 882
986 47
249 170
650 706
851 514
247 295
227 180
775 819
81 240
841 374
677 715
446 795
27 927
116 605
369 359
891 261
593 876
659 841
397 660
898 600
525 145
246 752
676 20
922 756
612 762
482 288
829 279
82 207
206 550
811 926
260 701
538 852
928 196
44 325
856 942
276 732
438 521
483 113
541 404
221 152
518 702
791 698
980 873
904 537
774 715
815 33
415 352
885 695
900 928
19 107
221 646
838 10
166 673
123 58
76 695
209 945
396 352
642 727
224 546
616 349
260 782
381 26
133 617
720 32
897 90
490 117
735 328
127 253
1000 601
310 427
295 871
372 42
222 13
120 797
910 87
145 521
868 877
547 353
494 618
384 390
708 226
858 794
553 336
46 552
936 708
978 582
578 701
975 151
66 447
947 975
533 443
496 753
319 394
105 164
11 840
553 70
65 763
864 617
98 261
520 386
968 498
967 897
198 294
399 263
740 697
590 624
139 437
728 810
830 832
973 192
24 526
262 440
288 477
57 737
89 576
122 409
425 441
657 975
734 56
589 825
752 178
800 243
614 528
52 795
711 24
987 734
901 600
174 540
428 582
277 516
509 398
276 286
838 933
260 923
340 848
747 91
378 899
333 991
426 736
786 488
760 124
574 660
723 99
200 502
32 828
17 540
225 293
177 415
577 788
689 916
988 436
358 365
686 43
707 111
778 844
950 537
967 523
549 41
621 748
542 652
927 559
544 151
203 720
917 131
508 606
46 495
393 403
211 78
445 917
540 223
761 489
111 727
364 659
768 336
758 309
988 684
219 883
187 773
602 103
903 461
60 948
307 804
703 517
233 499
786 772
73 546
613 184
624 328
842 743
663 600
404 650
635 974
884 821
747 486
276 649
298 687
949 957
491 3
825 723
501 610
847 574
507 811
757 483
138 950
225 800
901 980
802 536
954 685
356 700
522 983
700 820
670 1000
128 160
2 952
234 855
562 432
428 420
242 536
902 379
837 479
179 738
458 332
273 411
16 980
462 538
963 162
709 632
161 836
143 515
787 728
369 700
160 796
120 401
683 373
132 519
851 310
256 309
641 880
71 8
860 533
545 174
46 605
157 558
440 651
72 579
378 440
630 537
587 101
290 621
474 421
140 676
82 747
984 74
627 407
81 838
291 626
11 336
582 519
893 374
169 317
952 546
756 933
435 695
386 76
315 859
496 806
886 577
553 222
650 531
628 82
720 918
59 82
605 641
600 497
14 768
813 317
665 921
249 451
967 634
526 281
844 373
439 730
949 343
303 950
873 930
32 944
199 90
25 803
82 624
299 95
743 464
411 759
736 12
210 702
997 87
334 193
460 772
274 760
114 576
710 338
505 93
281 703
534 305
857 616
280 155
62 374
970 473
133 705
836 694
406 832
780 740
376 239
863 649
999 977
224 60
314 80
504 947
134 37
603 990
4 883
497 66
256 466
890 388
171 725
81 928
908 213
19 284
451 882
284 801
858 508
860 523
587 363
821 73
752 424
62 755
306 558
820 913
24 61
653 546
785 85
825 45
297 844
680 100
725 963
900 934
822 112
456 761
826 277
833 929
52 894
684 357
804 855
621 827
916 273
724 52
358 548
448 6
391 127
105 467
90 357
400 263
820 208
23 645
836 855
574 887
101 609
595 904
463 215
82 730
840 157
134 549
704 581
554 447
708 11
265 149
367 17
411 186
224 434
182 411
640 107
649 92
715 243
995 530
809 428
611 1000
584 744
548 640
325 102
438 32
464 702
532 830
718 942
15 293
727 548
703 719
655 703
810 369
297 157
250 106
584 861
457 520
604 5
159 928
458 596
311 921
649 842
102 719
136 116
363 214
15 418
284 669
120 94
38 417
250 287
874 185
499 330
704 103
334 862
382 143
809 693
415 810
886 516
880 373
983 242
939 998
659 222
666 779
315 55
547 916
694 420
453 192
749 156
294 435
370 28
929 530
72 344
691 957
859 570
682 842
812 620
839 470
193 856
600 860
911 146
775 604
565 579
147 666
735 793
100 456
820 28
337 891
371 28
199 582
597 880
423 408
851 613
230 44
468 829
903 730
975 29
333 891
960 832
556 46
624 7
501 443
35 837
333 757
216 883
690 813
763 112
220 965
76 801
360 544
630 614
625 956
643 958
846 602
141 754
999 764
760 499
206 146
687 890
903 903
772 592
715 886
56 286
203 131
87 562
26 68
176 651
23 170
960 220
123 100
973 121
215 733
619 420
230 657
661 132
559 784
76 625
22 483
263 224
965 349
785 343
768 960
345 790
481 656
361 603
107 334
723 321
418 693
92 647
350 752
131 260
887 558
885 908
392 499
131 356
199 268
50 966
579 394
107 60
49 467
662 155
152 385
475 569
77 566
568 778
669 698
38 556
607 274
815 998
772 946
705 970
565 755
287 143
148 393
554 549
859 216
703 363
