1287
711 361
696 6
699 986
46 249
480 210
721 479
136 766
724 167
264 478
961 537
962 514
859 938
342 453
202 801
117 4
283 180
716 978
537 767
315 582
15 794
144 87
273 631
853 996
797 116
825 109
4 139
623 215
428 964
667 629
116 135
984 398
314 51
728 851
817 42
432 832
836 927
918 460
558 122
807 706
238 632
815 593
122 437
807 549
752 473
529 868
608 864
617 273
914 344
123 731
386 907
914 573
833 183
32 742
305 838
448 894
821 614
486 942
50 293
842 153
117 370
20 76
585 637
349 499
980 471
229 717
729 494
289 914
676 672
655 332
862 454
225 682
67 63
976 468
707 169
621 823
539 992
899 123
628 247
973 960
69 553
676 798
46 317
711 722
340 717
53 201
171 630
235 589
692 210
57 398
378 29
572 268
20 470
743 1000
68 715
959 137
268 634
286 665
302 996
738 642
712 791
194 234
772 428
823 463
989 231
212 719
259 783
986 630
253 80
629 672
147 587
808 766
573 445
430 226
440 168
219 504
310 413
737 433
192 559
247 181
141 458
899 399
240 236
381 844
668 9
868 814
948 675
931 872
120 712
97 911
231 316
766 540
728 503
324 919
413 570
451 554
27 701
304 619
937 684
814 956
45 681
769 344
356 51
215 827
762 311
89 993
626 855
884 705
709 208
976 121
777 426
26 156
127 330
774 415
365 587
370 409
268 490
752 975
892 966
153 653
629 593
997 254
447 881
311 155
440 286
628 216
711 653
723 189
334 496
955 699
435 324
459 702
165 211
28 56
528 180
61 508
772 57
762 571
289 424
77 728
709 704
296 771
709 18
960 42
866 266
740 300
942 199
353 106
761 380
514 640
911 926
148 34
982 261
604 623
684 681
702 392
736 997
162 444
367 473
486 584
739 225
235 680
775 587
137 535
318 2
527 580
927 674
613 261
934 569
883 969
601 584
360 336
933 873
132 651
346 617
234 436
193 468
467 320
406 955
206 75
957 732
654 883
405 266
143 690
834 377
658 786
961 369
122 245
242 253
895 939
221 128
726 765
947 192
84 704
146 642
778 454
373 431
337 778
696 831
819 882
560 477
667 520
845 140
764 438
744 658
376 316
137 101
81 435
644 516
138 790
157 915
595 882
345 931
11 392
114 829
625 673
657 644
544 854
783 659
291 879
668 19
194 804
119 626
590 115
494 727
904 2
641 498
883 337
781 893
728 246
74 705
270 730
348 165
583 130
823 226
8 490
244 554
645 714
179 234
828 24
312 83
26 952
933 908
640 65
153 719
662 226
423 931
307 770
447 242
252 269
467 611
110 62
164 106
127 695
691 307
718 2
389 743
305 673
3 944
737 507
662 398
84 437
680 390
206 126
631 457
746 449
68 855
862 583
960 341
277 650
647 995
3 35
89 307
708 443
602 796
949 616
546 32
52 225
774 257
703 756
66 448
557 485
655 418
67 966
758 344
968 756
690 970
791 778
629 850
573 230
997 873
845 542
905 896
119 30
505 173
785 570
620 341
54 626
111 472
592 220
815 559
976 856
880 766
986 508
967 558
738 963
430 582
857 686
830 327
715 334
499 852
255 470
192 660
96 654
131 39
874 298
597 849
505 828
966 490
336 284
47 425
598 829
358 454
866 187
780 933
872 630
784 478
100 327
137 195
981 620
233 206
269 181
406 773
8 371
263 695
6 661
119 603
841 477
409 707
663 540
639 887
170 774
364 269
452 853
815 784
472 47
989 92
579 394
864 586
116 478
633 121
491 751
724 683
227 484
389 242
23 379
128 192
504 843
812 956
695 626
739 166
24 80
609 602
473 473
540 941
302 172
61 144
922 136
827 501
619 567
742 994
946 221
537 801
63 349
756 758
326 847
275 350
926 236
303 750
708 842
690 361
365 751
505 639
238 683
139 209
249 232
202 546
804 90
347 218
438 102
327 116
948 602
817 225
837 119
975 896
313 664
608 29
766 464
667 356
146 805
564 395
388 117
940 191
206 638
409 996
740 735
463 39
688 279
264 876
749 590
123 413
253 83
442 371
546 108
726 44
265 641
438 4
757 729
195 314
367 955
661 458
41 123
848 81
753 463
308 502
52 431
914 657
513 355
27 410
815 104
453 431
744 242
434 852
323 980
517 41
934 178
498 327
652 697
407 405
160 66
258 211
496 171
867 360
878 245
122 692
348 574
122 91
168 907
942 490
887 459
882 820
988 731
498 639
427 256
395 586
322 652
149 169
823 15
881 52
612 2
95 959
927 568
50 94
474 343
935 360
153 816
532 492
546 29
483 973
637 877
910 958
529 58
126 703
425 6
754 36
359 848
994 286
415 395
731 240
90 666
600 594
833 131
86 731
511 568
703 147
444 964
104 324
22 582
26 446
939 131
833 298
330 826
935 96
573 665
336 662
682 935
607 515
417 692
245 927
611 299
74 407
614 529
730 635
462 108
432 401
590 264
50 920
442 984
367 14
1000 702
27 682
988 985
548 404
29 144
331 639
442 756
397 407
284 479
42 746
938 825
498 527
441 547
798 882
882 165
247 881
866 625
914 854
609 461
609 637
604 939
628 397
694 376
804 330
854 197
427 791
373 924
670 813
822 467
694 703
631 292
935 849
916 849
54 877
661 662
513 617
953 492
13 998
868 168
327 73
716 753
864 89
28 533
901 849
351 947
551 334
238 838
534 154
686 587
382 346
600 894
962 552
738 327
902 605
846 228
677 562
333 892
2 360
776 902
561 479
200 111
812 438
948 345
943 985
283 324
683 234
569 996
138 306
674 39
262 520
618 291
433 950
534 434
662 310
687 222
788 887
684 951
676 984
295 618
968 929
293 2
162 213
998 299
519 671
337 132
542 307
422 974
256 308
759 269
617 446
842 756
684 878
706 359
861 352
328 180
632 972
182 793
184 531
444 54
553 132
186 95
438 959
420 46
266 179
314 234
976 508
989 11
385 46
369 245
749 48
776 380
19 309
525 554
839 968
608 744
99 793
190 537
103 609
582 369
139 247
954 466
754 295
476 138
340 844
734 441
243 510
820 613
818 344
167 9
311 774
104 762
566 293
650 20
901 231
388 392
829 342
857 583
988 333
72 327
528 806
767 771
667 939
735 836
634 901
196 297
674 299
58 591
591 707
611 844
289 350
235 117
43 443
699 30
775 123
709 655
928 827
777 946
117 511
781 751
764 977
47 437
275 104
380 218
162 342
61 450
43 647
566 438
441 617
467 216
739 527
222 18
706 998
963 822
860 95
572 623
71 618
412 698
73 791
267 234
484 679
35 526
325 601
963 765
569 782
332 307
660 553
676 365
902 638
187 762
732 758
384 155
728 795
204 152
937 470
386 420
500 420
298 824
372 612
940 940
393 624
598 53
528 273
417 430
262 955
191 346
65 926
500 792
73 55
943 9
876 680
781 375
452 78
550 175
689 841
115 434
464 64
838 992
337 254
773 598
561 315
943 625
240 794
768 312
200 710
321 427
742 101
801 545
530 702
719 218
543 185
3 358
249 840
349 937
446 121
886 6
435 829
982 27
974 749
338 174
810 10
952 551
462 753
447 343
806 166
913 700
702 915
58 950
755 758
238 552
231 124
557 17
304 890
43 277
638 733
802 447
94 754
998 908
858 444
250 15
961 162
715 663
429 772
964 183
529 202
86 111
325 994
128 980
883 170
256 520
254 410
966 348
515 315
255 724
111 856
738 423
18 452
85 446
575 401
980 456
602 417
566 278
410 693
257 292
215 864
163 468
625 128
815 139
795 421
862 257
277 600
679 646
403 116
443 330
516 422
785 469
838 702
746 599
395 354
890 961
569 404
428 194
883 595
332 677
367 546
933 643
497 964
640 251
79 82
580 946
855 716
414 44
418 511
642 164
864 883
124 784
286 551
977 169
497 661
197 864
206 482
858 54
445 498
304 875
579 884
820 786
599 233
829 368
95 823
531 310
705 654
93 343
557 70
863 53
82 59
916 639
892 774
692 336
623 995
562 553
230 733
338 181
317 519
548 411
341 79
720 45
84 813
739 640
234 601
693 315
660 960
953 903
85 644
239 707
990 152
612 220
885 949
752 201
819 299
964 159
729 683
556 813
847 294
452 80
247 496
746 258
456 698
160 892
693 750
599 683
902 562
254 138
510 5
690 329
655 653
839 384
688 394
548 534
40 999
966 286
847 711
543 302
409 702
545 453
452 495
135 705
56 740
842 918
96 531
246 103
536 436
486 223
182 385
756 221
735 73
506 581
784 400
234 544
453 779
996 904
273 483
608 329
222 801
246 670
332 843
772 867
278 609
441 459
993 196
31 727
621 888
308 404
287 541
947 740
671 942
995 944
424 955
624 998
755 869
667 438
63 438
304 692
46 744
503 38
292 533
116 912
773 775
667 411
668 965
502 338
906 497
633 682
451 256
31 557
476 697
995 538
486 650
230 531
746 732
920 389
264 387
652 36
162 318
799 829
282 300
166 539
796 151
572 598
406 602
155 882
298 501
771 135
150 1000
17 247
731 936
635 347
675 286
734 836
955 532
664 236
832 181
127 979
331 698
577 89
300 83
322 949
935 92
84 84
92 100
683 174
388 317
872 62
603 606
249 557
489 264
145 672
444 271
651 127
968 579
567 619
13 888
568 947
331 3
382 774
454 64
948 841
381 819
254 335
776 502
243 617
765 387
288 561
9 938
39 329
868 605
947 880
844 866
178 174
220 912
948 674
975 247
514 707
417 120
393 193
621 636
161 738
374 448
298 735
738 688
63 605
644 9
837 487
227 14
12 446
925 311
119 252
909 985
310 326
456 703
870 76
690 30
165 63
829 814
797 566
501 211
523 144
220 359
982 798
724 346
243 1
8 714
604 917
50 913
594 505
615 463
932 656
844 97
719 672
262 867
238 115
78 760
258 649
470 592
798 545
289 392
545 296
105 148
564 506
413 157
10 379
619 294
35 462
742 105
486 3
971 723
117 400
834 727
400 303
670 197
847 958
589 744
605 45
243 169
551 655
325 912
34 296
205 68
109 946
172 594
949 494
668 417
246 501
143 997
155 812
546 354
121 134
449 726
530 691
246 432
346 922
344 731
217 900
150 678
198 673
623 498
518 291
914 763
143 57
760 298
220 305
3 341
790 451
418 671
141 663
103 838
584 798
920 153
49 69
182 246
741 804
743 259
446 657
373 589
65 484
238 284
140 240
976 929
42 393
952 534
407 406
724 991
203 643
495 603
712 676
849 804
831 591
62 277
599 787
865 663
270 454
299 410
693 626
690 86
19 641
619 777
398 694
767 952
337 613
555 400
288 403
203 119
345 617
395 944
403 611
958 24
64 608
433 108
234 475
193 604
467 163
380 865
857 499
816 545
111 370
944 751
772 498
221 469
114 615
764 868
577 721
892 640
681 676
99 914
150 643
869 617
805 600
481 13
98 296
909 561
18 204
311 141
702 531
609 167
497 372
387 73
445 630
64 125
305 162
390 807
156 610
775 960
209 255
325 307
902 233
219 271
437 529
412 490
411 20
656 907
744 42
331 188
671 746
664 328
259 405
134 414
14 908
373 574
514 49
232 767
634 450
38 422
978 801
911 388
172 918
646 915
312 976
454 334
721 117
661 979
873 146
744 886
405 117
812 270
517 43
37 502
493 426
923 822
578 185
562 749
455 207
664 766
535 117
99 607
586 112
938 458
257 681
696 14
149 507
283 666
549 671
519 393
96 442
567 673
978 128
774 432
686 437
197 220
905 648
179 490
759 116
948 367
148 995
380 297
501 663
314 401
333 832
146 781
625 712
805 603
839 578
