100
167 793
810 185
42 481
267 573
181 821
819 376
523 660
44 804
433 931
805 804
92 237
206 817
646 349
315 879
10 275
519 177
67 680
713 460
160 979
32 692
152 202
419 674
861 462
829 294
744 633
449 836
869 655
4 867
3 670
745 365
944 615
893 362
294 605
821 806
584 204
849 735
405 268
760 618
81 588
263 825
220 711
12 441
365 367
659 720
37 755
84 332
370 328
46 15
932 866
820 867
422 669
953 178
288 712
795 368
299 57
544 871
768 907
663 484
274 673
555 662
427 990
993 796
317 38
811 601
256 982
467 29
2 420
206 289
483 1
9 134
409 904
4 528
811 18
12 436
690 918
97 116
908 441
264 224
479 426
176 86
407 643
114 761
414 319
49 896
671 409
29 80
313 384
607 123
753 970
910 794
240 6
910 147
446 525
722 276
950 898
713 708
540 826
468 953
497 869
200 519
