1111
935 456
882 551
269 854
223 79
258 582
761 539
280 828
60 934
426 563
36 584
357 481
851 20
984 383
541 330
166 693
426 100
148 660
650 769
513 224
199 122
805 959
661 85
786 72
18 212
986 405
147 695
885 997
66 869
732 607
198 897
651 976
996 150
635 997
918 147
220 116
268 376
74 280
460 860
703 829
423 41
233 921
735 470
918 800
690 649
758 887
545 760
862 892
910 848
888 179
994 459
647 614
186 720
893 646
931 948
826 705
988 411
626 722
880 543
873 569
543 983
807 87
742 21
330 3
868 569
182 862
379 828
827 564
899 71
209 182
18 387
886 5
797 863
78 28
405 951
596 299
933 754
737 26
774 66
29 642
634 210
855 12
389 681
576 639
103 136
820 121
522 58
477 670
920 555
697 677
857 644
975 141
398 712
166 523
129 546
164 763
107 370
126 495
402 701
486 505
189 305
977 62
362 453
732 282
7 780
958 215
424 284
707 173
347 873
695 476
770 211
238 877
580 715
723 334
768 208
838 956
865 166
17 226
618 100
859 977
232 168
191 7
804 898
179 150
122 873
625 891
435 862
767 367
577 842
700 696
49 889
651 913
54 19
491 671
471 701
647 702
221 190
708 24
87 238
173 560
462 798
802 897
11 921
263 939
762 314
634 810
202 284
75 607
655 917
277 125
617 276
178 837
817 237
860 255
474 385
814 935
182 615
831 192
535 445
483 296
758 116
458 959
752 884
917 758
800 194
234 416
821 411
605 637
999 816
891 472
200 56
406 381
670 589
925 557
33 407
204 143
874 661
453 625
544 370
734 343
915 967
111 735
377 67
723 375
882 965
198 82
20 956
814 41
544 90
949 928
496 153
422 722
813 875
698 709
244 432
403 510
398 865
596 127
931 318
853 165
634 403
598 5
358 411
45 253
501 994
532 348
146 954
421 310
180 119
370 423
902 125
284 299
989 879
777 272
548 982
436 181
384 33
185 741
795 229
993 295
574 876
995 71
829 415
733 8
885 102
782 786
226 65
437 215
295 213
838 842
194 273
22 929
657 206
669 451
787 13
98 712
241 444
783 69
858 515
429 95
616 562
880 194
979 668
760 273
881 597
115 426
221 136
355 877
694 375
327 832
740 424
543 980
867 325
400 77
191 180
523 159
742 402
352 720
70 111
344 302
59 458
79 279
946 785
155 991
512 833
822 251
609 364
582 475
41 981
903 231
161 425
741 254
179 92
325 600
554 668
253 964
478 331
242 423
468 748
413 979
581 586
581 189
949 162
15 341
494 270
572 654
46 312
907 224
756 231
175 661
251 427
625 728
110 866
502 577
966 266
907 898
851 487
86 151
1000 452
492 493
73 415
147 119
78 405
342 833
988 517
846 238
295 470
317 404
687 818
332 652
83 590
549 933
76 986
83 427
790 574
920 862
340 66
980 418
822 674
250 809
542 95
398 836
916 714
592 603
531 275
606 965
865 507
897 292
844 332
719 985
257 990
847 597
407 178
14 228
851 615
389 744
62 786
932 977
500 875
931 382
149 889
347 365
395 595
9 238
278 79
223 535
68 421
483 474
598 848
53 801
462 441
896 875
227 827
204 78
701 486
811 202
374 157
918 768
104 926
358 381
356 932
915 775
352 397
248 301
596 301
453 58
93 701
284 319
527 839
748 580
325 559
781 698
67 50
818 170
328 175
551 683
458 465
458 161
214 57
461 809
709 266
218 802
966 854
472 844
692 220
423 16
130 555
66 196
605 235
366 284
761 916
966 218
732 775
378 297
832 190
458 540
455 27
693 772
880 165
968 924
736 742
291 865
297 356
412 253
590 777
536 350
44 853
919 776
628 296
424 811
486 881
702 292
908 395
416 787
911 383
710 646
124 1
862 772
708 273
376 650
402 911
351 445
116 270
572 95
565 996
905 402
876 958
46 783
352 461
922 614
195 983
611 318
335 472
442 395
97 817
44 498
80 394
942 195
15 514
641 932
861 545
333 736
502 730
519 206
190 792
819 736
774 430
406 461
253 847
855 349
663 898
198 94
643 140
640 10
5 280
941 865
176 625
952 678
355 822
235 896
613 405
632 739
186 37
199 439
883 53
139 897
302 337
991 296
828 630
305 184
262 245
400 437
870 351
466 576
173 700
471 137
105 102
875 642
138 425
80 372
477 219
621 130
907 611
426 734
592 82
269 853
327 668
642 548
18 107
123 542
807 593
679 263
47 905
904 536
330 336
908 806
906 528
288 812
490 713
897 433
146 165
638 472
832 279
371 201
385 845
743 543
438 773
157 836
677 61
371 6
748 630
164 653
157 451
816 998
515 64
431 660
228 68
484 411
346 854
963 730
51 705
625 840
829 781
675 506
841 45
863 940
675 26
944 183
828 759
181 694
174 963
354 401
30 189
163 375
394 126
456 444
182 80
283 363
861 309
868 53
354 82
993 380
108 288
914 287
399 94
981 572
56 686
325 437
874 839
163 619
964 619
63 498
50 697
860 910
6 79
315 711
160 659
442 619
946 355
906 344
801 886
268 208
923 592
645 796
430 807
766 746
777 180
243 827
877 454
736 234
884 402
296 43
60 737
14 6
91 919
701 891
156 968
99 78
911 95
225 341
901 990
86 678
170 680
856 398
485 943
983 368
345 278
762 404
14 775
761 456
45 814
347 552
781 797
629 692
891 853
384 143
195 821
172 716
500 27
465 336
970 447
55 666
76 168
69 89
943 182
544 339
995 242
891 127
390 871
170 632
76 553
127 270
373 298
337 224
677 801
911 998
599 965
663 674
133 83
114 427
264 9
117 258
603 7
737 992
230 906
624 305
811 750
574 535
399 910
111 427
62 21
424 660
338 86
333 470
169 798
248 784
806 364
394 408
723 130
752 952
387 727
256 197
828 181
84 226
442 194
5 503
214 428
162 903
866 846
724 386
643 971
169 800
687 562
560 761
43 663
64 430
389 671
978 216
203 61
793 644
254 797
146 820
577 659
722 442
856 798
827 850
768 347
649 806
261 560
918 303
222 333
732 962
3 62
177 205
122 970
200 728
118 697
547 694
355 620
135 210
417 313
59 537
12 60
694 272
971 612
574 545
944 658
506 299
719 683
855 192
4 55
919 473
751 817
167 458
789 653
667 557
318 78
93 329
489 139
600 459
102 173
3 397
182 509
695 900
543 902
444 898
956 362
370 58
531 888
515 319
541 182
227 210
611 672
538 99
810 489
909 911
661 264
659 195
124 706
94 666
607 537
915 562
251 284
619 133
172 134
451 64
667 677
625 629
348 162
727 509
650 987
771 662
250 430
856 373
135 302
390 93
190 304
654 792
940 624
924 463
109 726
526 127
403 150
755 102
663 833
963 664
172 733
677 773
514 533
146 648
186 887
740 375
543 745
167 482
721 442
944 181
168 821
660 922
322 414
375 336
599 337
999 770
70 27
542 583
559 39
583 96
278 674
471 820
771 989
653 843
782 948
375 949
120 34
870 793
800 245
128 398
933 478
519 2
504 412
937 415
451 871
510 80
896 332
899 666
672 903
860 454
850 235
402 321
268 624
113 67
220 592
816 152
421 334
154 276
746 442
690 548
664 552
627 559
235 877
577 907
779 436
360 980
22 113
300 290
88 412
708 307
355 524
459 775
209 964
50 954
405 92
853 420
643 479
978 877
707 906
135 485
694 494
464 715
959 115
356 46
878 64
353 232
939 163
6 147
126 408
453 882
499 657
301 141
136 630
369 194
536 504
679 229
349 494
295 659
961 651
57 838
714 761
70 4
923 427
502 48
834 954
281 332
611 581
824 98
562 545
291 97
48 321
677 748
167 972
407 479
622 463
316 687
223 385
42 497
164 543
544 997
849 824
329 459
756 504
908 317
48 550
766 447
223 442
195 741
765 953
219 738
767 534
776 341
271 817
837 434
360 732
782 208
907 110
18 662
966 925
330 13
826 95
460 400
889 6
140 653
958 710
743 724
596 518
416 866
335 252
651 694
335 784
253 241
246 270
254 211
546 935
223 723
30 34
123 270
39 262
274 348
972 16
423 567
534 838
784 868
441 786
913 775
569 165
367 814
786 620
376 331
907 599
53 936
984 527
557 375
789 830
722 112
846 145
30 379
982 165
598 775
302 510
549 870
26 268
36 811
239 411
493 145
361 897
80 345
424 988
719 564
818 792
675 15
936 56
393 270
220 342
44 521
203 944
742 228
211 129
390 450
540 882
594 252
130 26
948 553
13 18
116 182
810 142
196 97
549 940
366 768
281 761
640 483
705 734
62 267
862 451
68 753
684 662
5 166
39 304
718 403
322 186
585 483
679 780
579 228
720 297
347 352
409 987
187 465
72 248
732 933
51 799
38 86
812 394
251 850
697 321
605 370
858 189
204 536
320 783
115 391
431 462
743 839
800 281
656 871
880 387
155 930
537 192
368 349
585 970
550 634
642 506
3 851
694 207
387 366
341 853
756 123
314 850
313 465
130 968
687 10
706 842
291 243
385 10
943 322
332 844
955 973
350 309
824 395
867 562
760 559
414 516
33 80
717 346
544 847
665 583
208 371
424 850
965 808
860 907
481 191
102 435
515 451
96 338
846 314
251 957
873 665
824 257
96 541
602 991
739 619
573 946
989 348
795 305
508 6
211 988
196 312
775 63
115 222
400 312
535 651
268 759
667 444
16 114
984 969
104 74
587 29
371 927
376 517
231 883
523 793
871 70
457 997
132 571
218 884
234 752
886 853
511 904
296 878
17 631
846 472
704 433
500 74
711 876
943 942
110 465
734 332
886 190
328 370
112 545
253 345
649 138
198 511
41 845
388 409
476 233
880 531
17 380
957 728
607 899
669 68
715 754
400 600
296 79
969 407
976 573
752 624
710 301
486 102
497 873
510 972
457 742
855 474
473 811
553 79
61 573
498 775
326 897
726 621
976 47
380 303
619 483
926 681
783 411
134 279
635 996
603 91
737 809
916 561
619 468
639 31
40 136
157 366
385 234
338 712
280 717
14 251
