88
598 592
539 405
478 376
464 787
244 393
49 395
508 750
989 464
873 663
401 906
871 814
59 721
543 733
872 576
408 840
435 5
431 973
761 260
700 576
399 944
320 447
338 827
548 678
642 420
692 43
678 563
856 88
283 750
821 155
677 580
346 463
936 128
788 48
740 487
623 138
782 294
584 472
473 131
501 114
903 193
156 580
755 11
667 389
112 839
895 788
770 592
251 705
720 38
752 459
876 726
596 658
372 531
129 844
13 629
957 915
821 113
846 927
475 513
668 587
703 914
726 473
506 328
529 225
717 281
35 593
358 630
250 729
512 730
924 524
710 881
439 531
345 284
809 819
148 828
757 203
742 483
675 247
162 203
823 879
835 857
823 545
838 72
625 349
153 549
224 862
781 14
744 125
650 905
