1212
386 506
719 477
57 870
25 981
287 887
338 383
73 568
776 605
850 494
762 57
390 33
599 294
173 515
314 548
553 401
506 291
258 224
767 666
93 143
646 732
29 984
114 102
551 241
58 753
734 819
809 123
203 407
769 728
273 434
275 826
186 780
468 795
355 586
461 447
729 106
178 109
441 643
562 344
883 620
96 616
790 904
91 345
662 211
72 934
644 346
111 182
477 578
976 831
164 436
629 244
894 159
704 686
801 266
29 684
237 124
651 378
379 741
722 40
951 145
326 947
842 436
128 318
366 103
500 881
891 481
124 136
991 179
821 791
444 202
826 32
677 829
762 56
569 835
447 872
980 772
818 821
560 297
491 277
751 342
157 641
174 632
128 164
810 301
307 606
502 132
989 178
312 750
233 881
585 32
104 916
155 921
88 66
569 930
342 319
272 498
312 445
129 439
961 291
739 267
896 592
750 884
770 62
986 354
294 922
737 397
189 892
669 276
957 237
206 651
555 829
148 218
625 629
657 585
919 747
851 166
691 953
401 812
14 386
165 659
659 254
407 847
497 75
123 453
663 680
103 569
508 603
787 132
583 795
69 853
541 919
18 231
223 770
394 236
508 559
246 166
164 652
365 660
726 487
464 740
518 919
309 25
873 447
508 455
241 576
307 133
847 676
716 69
445 109
657 952
19 902
470 182
906 834
193 983
672 657
723 189
575 383
213 447
829 72
253 69
1000 559
553 846
234 268
266 30
377 922
982 747
176 451
929 433
284 121
415 955
129 137
495 55
519 59
853 699
130 105
119 129
663 672
326 248
939 592
278 667
865 611
414 392
61 694
824 696
166 239
2 295
727 496
349 246
554 202
296 35
306 415
516 321
86 841
568 376
432 197
395 297
807 808
688 219
853 864
914 18
102 267
664 828
114 13
425 667
566 721
54 223
487 569
895 924
409 815
651 193
11 45
841 170
204 880
388 56
743 654
74 844
920 89
24 34
101 448
52 18
520 105
593 358
25 487
281 786
653 932
978 664
976 818
833 532
697 220
587 440
873 12
635 145
101 10
530 553
810 581
571 329
38 515
39 62
353 671
199 6
602 176
21 930
993 853
461 42
424 399
833 649
411 819
145 511
829 674
63 638
254 985
318 643
851 356
57 204
27 255
209 980
431 229
261 775
433 721
168 208
120 1000
208 882
819 352
392 999
25 806
636 631
143 305
273 993
661 681
196 39
936 756
370 718
336 631
492 120
703 660
328 174
11 535
55 181
239 798
179 615
956 166
245 98
471 870
442 483
550 990
873 485
745 242
202 433
224 46
552 927
57 879
100 419
766 507
600 4
304 130
618 611
296 215
708 118
84 150
952 985
139 824
822 235
417 375
667 641
420 219
567 828
97 18
247 214
876 846
217 180
327 187
790 622
401 850
91 836
351 394
820 489
217 641
75 986
16 742
626 787
960 544
615 408
913 861
974 789
58 190
320 384
728 461
358 128
310 448
963 660
194 135
500 762
775 927
747 142
668 724
929 979
619 543
738 532
755 711
320 812
253 991
195 980
451 552
460 113
352 422
124 545
908 976
306 683
902 53
824 921
128 104
899 747
646 988
278 400
699 949
563 303
291 758
282 741
661 741
205 12
515 329
908 422
304 214
456 205
618 632
125 97
735 375
843 381
362 472
132 412
420 47
66 62
156 348
803 816
440 7
180 306
687 87
80 990
652 535
546 621
166 22
718 253
748 560
985 462
384 468
225 803
514 291
865 669
990 19
485 781
377 16
87 64
454 166
405 106
52 303
78 570
676 795
822 424
707 806
237 90
625 461
244 139
103 460
807 92
830 643
873 207
658 311
622 112
476 26
569 879
680 646
800 356
793 973
131 851
778 367
940 403
179 535
893 282
995 51
725 176
694 597
382 703
907 355
166 734
733 86
965 412
84 764
119 876
737 249
78 866
967 17
620 498
903 512
131 249
915 855
425 960
804 158
662 710
513 180
796 245
617 760
656 700
875 775
927 963
375 4
829 342
372 800
191 275
664 321
523 578
175 299
537 978
457 550
40 969
81 835
565 698
946 572
749 172
698 676
135 73
31 315
766 403
114 956
29 777
276 903
354 450
202 242
780 10
792 819
330 872
5 894
921 302
465 670
473 163
345 959
587 375
273 352
129 739
307 157
515 934
60 221
735 613
814 514
622 605
684 951
829 688
196 749
341 660
418 166
174 114
124 760
841 749
111 969
487 769
478 353
702 889
925 437
501 739
302 474
695 986
424 875
25 619
624 366
630 393
531 804
507 6
915 347
754 378
315 592
498 144
945 200
32 221
988 532
311 289
5 6
274 780
880 651
750 855
16 380
248 898
535 754
903 449
452 9
178 118
600 676
262 544
875 293
117 214
177 427
854 533
784 480
313 664
130 62
870 145
793 117
42 327
222 296
128 673
304 305
791 904
980 52
799 206
696 915
771 872
342 625
405 125
104 69
140 233
482 362
729 275
478 770
953 52
65 80
724 721
737 866
624 68
269 422
274 965
689 396
188 382
20 944
858 475
12 998
707 494
711 435
120 540
556 72
591 973
504 667
693 240
532 316
307 801
89 932
117 777
328 304
158 699
248 16
174 611
365 232
456 75
667 575
614 574
999 557
898 502
223 590
93 106
257 399
258 698
683 374
474 10
30 984
60 277
351 233
239 67
465 695
493 483
621 458
408 619
14 306
472 236
247 564
342 504
963 951
553 645
325 378
6 354
361 417
982 63
650 572
129 466
266 973
300 887
431 59
857 444
716 329
680 963
892 373
818 206
323 370
850 999
747 207
704 460
624 37
874 625
609 3
442 226
975 93
112 405
151 969
201 867
297 232
181 540
956 998
746 630
719 947
629 817
154 684
276 129
73 150
105 681
504 546
258 830
638 370
587 140
690 139
358 338
370 538
877 325
887 622
954 605
921 934
422 426
618 49
554 42
550 10
722 405
555 331
587 544
700 525
35 741
663 393
430 32
282 307
356 169
280 661
125 200
595 898
625 564
947 530
957 848
539 30
253 445
360 839
340 60
363 375
152 377
119 582
408 400
240 115
920 519
127 45
71 73
942 47
988 888
929 944
88 819
973 340
616 333
530 955
744 244
681 895
620 799
476 379
199 715
845 470
586 971
514 8
44 456
406 31
695 334
975 782
505 947
473 120
631 354
74 374
949 755
269 568
905 96
298 455
163 142
925 100
113 438
459 508
245 864
538 292
550 864
73 54
163 898
525 793
603 950
519 552
704 787
471 961
234 769
415 748
262 339
847 374
129 657
233 373
521 771
664 422
986 89
827 148
338 351
293 940
300 811
491 356
949 314
316 182
82 82
282 695
773 128
421 901
137 653
625 657
423 641
78 761
81 256
260 770
606 552
709 257
362 552
612 662
865 279
196 298
713 477
992 485
956 412
737 92
417 713
100 191
705 529
951 785
784 211
906 389
762 967
998 476
518 609
489 734
240 684
383 952
160 726
788 468
490 524
559 906
236 659
96 293
187 399
77 323
609 335
711 722
301 708
549 170
669 38
903 260
721 637
563 233
362 350
700 203
873 610
108 460
620 556
752 159
954 181
481 914
515 543
635 167
603 184
336 623
573 238
882 293
226 444
877 939
793 928
142 17
890 601
828 509
156 932
19 461
464 851
374 330
394 361
496 348
896 831
970 468
420 203
112 645
998 989
583 790
268 76
158 157
677 337
666 832
268 36
645 731
887 18
60 280
730 555
979 625
737 948
92 156
502 204
152 499
544 735
640 811
810 797
968 838
133 985
22 753
20 666
483 906
35 543
537 765
449 515
389 186
814 833
341 315
36 845
165 579
579 804
389 740
952 356
578 437
340 599
189 712
616 671
617 650
565 154
766 14
20 155
551 834
987 243
500 374
87 17
952 17
820 692
757 124
400 686
560 91
636 748
802 251
770 419
252 335
924 18
700 943
524 602
128 862
844 980
235 283
996 538
299 167
229 407
290 628
92 849
719 79
948 872
681 718
290 933
404 213
302 455
508 825
56 987
686 251
966 272
533 313
809 832
832 389
238 121
17 682
322 87
112 269
958 793
338 600
77 741
164 378
195 671
554 602
10 591
853 975
862 385
640 22
568 471
410 806
591 778
839 264
216 950
533 526
94 222
125 170
963 288
547 509
311 452
111 320
42 315
646 255
51 285
276 619
107 686
776 50
463 966
313 31
915 197
556 9
419 680
178 733
319 77
241 629
528 703
300 922
369 946
176 420
582 452
38 41
489 165
90 303
130 402
333 396
951 888
756 369
567 286
101 238
362 693
866 241
748 518
162 116
815 690
535 396
141 924
788 981
440 877
283 569
631 616
317 581
503 72
301 422
357 753
659 718
445 876
311 544
393 824
660 207
513 546
955 5
470 742
985 261
971 268
830 601
883 146
533 737
217 833
158 926
585 816
995 381
44 305
925 436
481 936
995 993
481 301
350 302
394 686
563 364
953 744
316 187
241 848
924 809
680 433
734 616
601 729
349 644
385 625
431 865
560 777
210 392
77 911
46 823
596 960
186 901
703 854
87 943
701 362
103 733
147 837
700 747
917 48
742 653
24 172
518 935
949 79
327 377
989 372
199 936
331 737
836 385
590 923
679 642
636 781
374 782
969 74
880 237
473 621
890 497
793 759
431 93
189 109
469 529
832 20
464 514
756 300
898 697
574 928
338 209
61 64
343 29
489 222
618 313
843 507
809 987
617 592
431 805
52 251
333 884
270 796
397 377
447 647
425 20
574 115
581 634
178 923
15 18
496 632
330 690
490 139
676 458
82 458
262 133
709 594
16 330
741 765
707 188
411 131
559 336
597 139
322 774
413 336
791 909
319 121
598 160
611 626
617 44
83 878
176 143
823 544
473 915
660 531
454 422
13 13
757 610
151 430
383 564
765 526
824 435
998 421
946 608
46 562
3 481
791 530
623 965
73 95
880 84
625 685
505 990
697 262
599 200
691 333
115 808
858 938
594 855
358 540
814 756
453 168
236 244
698 858
560 122
305 439
206 281
124 710
270 172
323 868
371 366
201 485
173 410
422 118
617 132
9 782
887 462
950 122
705 647
331 264
768 635
55 973
268 530
683 537
701 357
757 424
722 309
260 246
70 34
364 686
165 372
468 403
833 417
524 889
63 206
505 830
193 911
155 460
792 189
348 844
545 456
267 267
764 879
512 834
912 227
871 76
599 338
478 783
754 353
24 168
910 880
350 102
790 504
913 581
692 261
424 236
68 43
502 832
921 366
17 832
592 887
259 542
225 88
677 330
792 700
498 701
579 847
155 720
702 67
652 393
679 427
980 747
469 834
930 741
199 946
924 142
184 534
684 760
973 360
442 764
59 939
817 989
137 323
60 190
389 711
934 68
137 913
166 958
746 95
50 296
392 974
438 575
507 473
687 480
832 128
595 242
418 763
582 554
85 641
95 826
703 28
893 191
940 410
500 38
504 550
